245
221
237
Antena1|0|147|9|110|124|148|4|53|119|209|126|211|72|168|208|42|9|134|126|84|20|64|244|244|191|93|12|108|221|36|155|91|98|108|73|212|173|68|117|45|176|78|170|93|35|117|197|221|62|249|113|158|97|12|150|2|61|35|50|241|233|78|138|94|198|230|62|81|171|141|116|112|121|17|168|150|84|217|129|41|216|58|249|106|62|10|9|128|78|210|156|169|19|137|237|219|21|39|99|146|243|96|234|154|39|29|247|199|198|25|114|43|207|49|243|90|111|249|107|115|63|175|71|37|159|134|46|222|31|69|117|78|43|170|167|242|211|45|200|46|123|198|89|84|112|58|2|140|183|12|85|230|82|63|21|68|115|104|150|41|100|236|223|127|173|229|62|189|135|234|70|134|124|155|128|17|43|126|173|119|230|103|35|108|139|150|90|138|100|126|180|43|144|113|26|248|250|107|213|10|224|1|113|138|17|13|90|24|39|28|156|117|214|205|125|36|118|221|112|199|129|237|115|88|186|67|230|202|179|118|109|85|167|134|233|134|40|190|61|83|159|9|176|51|165|232|151|148|213|161
Antena2|147|0|123|7|207|30|247|76|112|218|220|64|184|75|228|23|12|153|234|141|197|247|28|210|74|42|172|123|37|93|153|103|236|202|50|90|47|21|152|50|110|54|25|176|79|228|247|119|221|191|193|178|212|134|185|109|115|171|191|143|54|69|153|94|30|161|201|161|2|54|109|157|105|224|98|224|208|167|52|18|198|109|205|23|211|15|90|66|93|117|109|195|50|161|192|73|120|178|76|130|128|130|233|68|104|114|164|88|90|186|71|124|232|115|219|123|151|123|22|177|139|185|94|206|185|104|234|204|44|247|155|107|185|145|17|153|217|188|215|79|5|152|84|167|83|19|190|102|157|96|73|156|48|62|44|79|25|143|203|210|240|14|57|146|191|19|244|108|50|146|147|113|235|250|206|223|152|5|101|52|87|218|228|148|49|134|239|208|145|196|198|245|214|84|223|13|169|178|149|13|10|145|94|221|240|102|84|154|164|44|198|41|31|156|203|222|89|43|8|186|236|138|131|207|90|23|102|113|148|226|90|16|38|237|222|114|181|121|157|116|185|114|155|45|91|211|109|211|212|88
Antena3|9|123|0|245|144|132|118|100|50|25|111|165|40|11|239|221|48|164|163|49|146|110|250|233|204|231|93|144|97|246|13|155|14|43|80|245|244|58|13|149|46|26|163|145|93|215|48|78|243|218|11|102|154|196|110|20|89|195|50|126|42|44|104|208|193|247|120|241|199|85|225|10|45|214|226|46|149|181|108|40|132|165|228|179|101|249|25|102|246|209|31|61|28|109|185|164|80|186|75|137|167|218|229|26|89|214|233|134|159|122|156|63|137|75|4|171|41|247|174|99|178|59|25|131|164|196|122|26|148|232|103|150|56|74|91|18|249|226|49|160|221|143|136|7|20|103|208|9|5|168|215|111|87|214|236|46|187|13|92|84|161|122|202|44|5|53|33|75|246|211|52|64|232|64|99|158|140|150|153|108|224|142|195|8|33|2|32|8|215|15|176|198|197|46|32|178|99|18|4|170|112|190|170|47|160|108|231|13|142|44|14|180|97|149|118|117|86|48|9|103|161|118|126|244|182|183|94|171|19|36|68|65|46|24|118|4|40|72|21|233|135|79|37|197|27|138|31|74|181|159
Antena4|110|7|245|0|207|86|208|1|148|67|163|239|193|133|110|225|131|38|183|16|163|15|156|16|166|55|138|4|55|38|79|221|177|216|108|39|220|7|96|133|172|182|30|123|77|119|218|119|45|232|161|37|8|104|156|40|116|169|231|180|212|210|198|46|87|130|172|121|40|12|126|152|100|43|121|180|71|55|127|134|91|168|246|145|197|244|219|143|98|39|229|165|244|82|190|241|82|34|15|118|14|173|86|249|136|134|13|98|157|199|236|202|21|234|179|185|10|33|9|3|239|94|112|57|169|123|214|145|235|170|186|240|24|27|18|246|94|207|117|110|80|46|192|33|196|162|103|140|179|139|50|175|244|191|62|185|40|215|98|56|221|132|154|126|176|213|210|170|99|202|246|49|18|138|187|192|40|219|156|152|138|34|19|169|102|117|23|219|243|54|241|4|117|46|171|44|94|99|162|54|64|86|77|151|67|40|16|125|107|92|88|2|84|173|76|129|230|199|179|225|151|13|105|183|73|118|44|224|212|30|229|215|108|110|24|31|119|42|225|203|19|210|97|137|21|245|2|134|212|186
Antena5|124|207|144|207|0|141|67|147|124|231|222|22|108|242|30|193|105|218|123|209|57|101|230|6|114|118|163|146|183|127|179|108|77|144|169|40|116|43|59|121|128|147|120|104|78|250|192|142|233|115|154|195|6|129|140|95|162|181|209|119|78|48|61|58|96|155|42|136|200|214|7|139|145|205|214|220|9|15|43|108|195|79|43|197|51|8|44|120|81|11|130|63|10|5|37|174|126|117|198|91|6|108|162|175|92|67|5|40|66|11|37|168|176|171|230|62|30|132|183|249|239|122|199|197|76|90|82|142|110|200|222|179|85|153|210|76|110|15|28|124|171|186|184|93|125|186|112|121|92|18|41|149|49|141|194|83|74|51|2|187|150|110|186|197|11|196|188|44|42|204|124|93|101|31|100|64|203|247|52|232|242|148|218|20|126|210|225|14|141|215|236|66|126|22|200|191|233|169|157|179|23|63|222|166|45|44|116|104|229|181|144|49|176|109|180|59|112|106|49|60|186|180|219|214|93|124|215|183|34|194|237|207|51|206|147|169|218|190|14|187|176|134|180|204|48|49|21|185|101|164
Antena6|148|30|132|86|141|0|175|139|1|155|129|236|59|203|231|177|183|231|146|224|238|84|81|221|126|227|236|150|241|237|161|45|205|206|121|63|97|103|119|131|28|108|155|133|187|24|64|16|28|186|17|70|64|72|185|180|88|194|74|137|95|210|35|90|198|228|146|164|203|217|233|209|33|180|19|237|4|194|198|116|166|31|235|104|246|158|159|6|42|153|35|105|62|122|119|17|44|21|88|167|169|69|197|40|164|222|227|15|114|180|189|211|134|230|11|169|250|14|9|113|228|224|136|106|141|138|80|191|155|148|175|93|75|152|35|119|186|86|92|18|227|67|181|226|75|168|90|180|144|27|242|65|161|97|81|119|110|104|43|71|30|39|238|143|159|44|217|1|114|195|206|196|238|93|111|226|69|41|81|231|49|175|164|172|33|13|14|196|150|44|145|138|240|141|39|16|148|76|91|236|119|195|94|79|221|66|19|51|168|249|206|91|217|18|166|19|190|145|64|114|201|139|175|61|147|160|69|143|173|75|13|217|129|111|169|185|87|120|154|179|15|96|86|123|126|73|213|250|138|125
Antena7|4|247|118|208|67|175|0|239|1|96|65|229|150|149|166|121|240|47|210|212|211|204|59|100|112|83|175|71|28|88|29|24|28|219|66|112|61|46|140|175|196|45|197|226|221|2|129|142|74|164|42|88|147|50|232|231|152|185|178|32|43|81|3|88|233|122|49|115|15|153|199|123|146|35|5|221|143|76|131|46|237|134|152|27|39|128|161|205|192|248|249|80|243|148|77|13|100|245|43|37|97|168|167|220|3|123|111|227|105|156|146|162|219|164|5|8|221|238|217|150|43|249|179|198|71|104|50|152|131|154|183|124|98|61|88|139|58|93|148|218|150|10|223|147|214|247|3|205|38|4|34|53|70|63|191|20|126|106|187|16|216|116|95|179|1|161|55|46|158|147|209|53|178|194|90|8|76|40|224|133|202|155|248|235|126|99|23|209|33|121|20|78|171|244|47|127|199|182|122|75|195|227|15|123|76|12|93|18|21|91|135|110|10|29|244|218|175|143|243|235|167|241|205|226|44|33|12|204|59|172|108|227|13|20|238|244|77|223|203|240|12|106|218|95|86|238|132|156|157|230
Antena8|53|76|100|1|147|139|239|0|157|249|76|99|66|236|100|4|143|139|1|120|59|143|18|97|214|139|180|91|213|69|172|140|10|13|84|150|226|170|120|80|83|44|41|89|234|127|25|191|93|57|81|14|164|79|234|232|190|2|248|132|73|29|191|192|183|93|14|34|147|225|222|8|70|59|91|138|5|156|77|140|238|227|175|98|238|169|183|140|163|211|223|101|160|236|115|217|82|186|2|235|220|170|33|76|248|246|49|91|246|89|245|161|209|129|229|73|107|179|239|25|116|37|58|98|138|85|173|174|77|64|151|176|112|246|6|208|17|59|98|197|180|54|41|13|247|22|93|96|28|173|48|190|236|169|217|154|170|238|16|245|165|20|6|106|61|180|18|143|172|112|210|128|67|29|5|139|27|218|206|51|146|204|160|162|219|20|214|196|235|196|248|97|166|68|246|20|84|155|30|77|183|60|62|115|215|33|124|169|201|83|194|76|52|111|14|112|33|112|246|66|37|193|94|230|37|145|185|200|208|207|74|171|223|248|146|164|163|131|142|104|227|53|126|104|182|25|67|13|41|101
Antena9|119|112|50|148|124|1|1|157|0|139|175|212|26|37|133|186|58|71|57|29|16|208|203|15|178|108|103|168|129|180|9|197|186|26|234|34|109|79|13|216|57|230|109|81|73|113|158|139|111|211|6|245|156|56|238|42|171|215|186|54|19|9|158|37|241|156|70|193|83|241|65|135|154|240|89|168|218|13|174|195|140|36|195|148|54|102|65|125|109|147|101|173|113|92|107|83|218|144|214|59|82|138|101|11|6|194|178|245|125|119|44|231|232|10|115|194|62|9|122|152|44|20|62|180|166|182|168|243|27|139|189|166|198|41|138|55|156|96|157|211|199|42|183|249|202|13|133|120|62|37|182|172|120|165|19|198|200|166|63|127|26|15|45|167|199|173|44|35|157|61|20|119|11|30|206|25|19|210|180|197|224|217|16|26|123|214|113|20|153|247|154|150|54|192|196|222|198|28|52|29|244|164|148|233|224|182|169|234|96|43|136|71|82|49|129|139|54|245|112|52|137|115|211|120|150|140|190|77|169|115|197|1|89|1|67|135|66|27|247|157|105|106|78|111|20|77|42|221|198|89
Antena10|209|218|25|67|231|155|96|249|139|0|37|222|29|17|97|163|69|48|62|237|226|12|88|214|66|197|111|102|133|17|187|182|68|186|244|203|188|174|88|211|182|102|64|166|3|232|192|75|222|59|218|78|62|5|53|216|238|45|49|3|31|68|68|121|29|232|246|90|241|222|208|239|250|22|150|249|169|248|142|181|202|104|176|83|27|102|105|109|219|196|108|152|202|182|217|198|13|187|92|86|1|129|154|215|27|112|139|148|132|13|155|112|31|128|147|41|230|100|205|20|68|248|30|36|180|184|171|69|90|78|221|155|137|204|63|172|25|111|110|227|86|194|55|98|237|18|158|111|31|31|119|125|84|86|203|37|147|11|5|136|177|123|164|67|234|112|189|67|39|34|101|77|248|202|16|217|147|94|210|213|222|147|118|140|183|96|122|4|146|76|40|130|211|218|206|171|69|45|156|53|130|203|159|34|19|51|24|121|85|83|194|113|88|32|94|181|222|42|184|25|176|138|9|212|134|170|218|187|145|67|23|94|155|154|186|79|146|94|35|198|118|22|227|166|203|76|186|68|118|208
Antena11|126|220|111|163|222|129|65|76|175|37|0|111|211|202|17|249|24|132|92|126|114|91|104|221|166|41|96|160|59|209|250|179|12|209|209|217|56|98|202|10|145|25|13|182|53|235|152|87|126|105|217|184|4|118|108|3|20|193|72|238|97|8|189|194|59|179|110|112|48|134|151|192|9|179|132|49|201|221|88|209|106|186|103|166|247|139|121|47|133|20|237|23|28|11|58|216|186|149|216|1|218|215|193|15|195|106|82|147|188|71|175|222|180|118|236|158|171|229|132|86|147|199|17|194|220|137|44|82|124|166|116|116|109|100|158|114|61|207|119|175|72|226|142|40|36|35|8|187|179|91|63|11|4|39|201|204|160|238|24|246|164|103|28|116|45|154|11|238|155|191|126|213|9|25|15|140|201|172|43|63|173|99|86|20|189|195|140|108|31|53|194|220|243|177|123|97|232|154|155|129|92|119|221|247|132|224|219|111|152|152|202|86|127|218|160|213|86|87|141|90|239|243|140|162|17|56|36|211|221|76|238|214|34|233|216|232|20|80|84|19|112|36|228|200|117|241|98|130|133|144
Antena12|211|64|165|239|22|236|229|99|212|222|111|0|17|107|126|239|61|193|41|140|15|164|229|41|61|108|173|180|103|190|102|223|212|208|65|40|116|79|115|105|197|152|235|13|101|172|12|97|18|205|169|248|183|23|7|104|250|111|141|22|48|101|6|173|99|132|43|202|235|113|38|228|178|82|113|154|238|29|124|7|166|176|103|95|122|135|227|118|117|190|11|64|136|24|114|198|36|157|51|121|225|115|46|221|77|79|126|70|161|216|128|80|43|212|70|15|108|83|19|79|107|217|29|114|29|206|196|212|178|62|89|57|138|18|144|141|117|247|28|175|82|51|131|166|75|33|144|207|72|194|213|17|50|234|182|228|192|92|245|236|202|77|134|107|53|77|12|109|147|202|215|133|165|208|148|53|235|101|186|168|221|226|5|158|242|240|205|3|48|195|85|69|243|130|229|169|209|236|213|10|24|131|2|105|102|208|7|10|249|16|22|26|86|139|71|121|137|146|210|138|18|69|107|102|32|202|155|137|138|45|34|205|178|152|44|163|41|146|199|231|34|250|156|100|186|214|28|127|222|83
Antena13|72|184|40|193|108|59|150|66|26|29|211|17|0|79|24|148|155|98|161|60|230|94|240|83|190|234|221|225|146|211|202|234|157|17|63|31|242|247|147|154|134|132|93|206|130|178|126|4|167|233|189|128|180|62|172|156|62|110|153|90|58|99|156|245|132|50|181|134|99|118|232|16|166|139|122|145|158|177|119|150|169|65|69|27|221|203|134|219|217|75|192|98|110|199|124|124|116|196|180|233|217|110|7|245|64|70|199|45|174|63|109|32|105|153|133|204|161|179|114|88|211|217|174|92|114|14|80|29|103|226|209|21|75|159|60|124|52|90|43|42|4|69|156|4|49|203|117|82|230|85|165|71|98|27|3|83|70|120|178|246|75|83|69|107|9|103|92|119|16|158|159|171|42|80|66|102|228|168|4|196|216|75|79|7|178|143|153|115|134|23|97|88|194|153|99|210|250|71|93|181|242|30|9|224|98|178|116|138|128|49|42|42|185|192|39|121|37|152|231|84|113|57|225|203|92|244|229|29|22|143|236|9|249|193|169|114|51|215|247|214|69|162|147|104|121|24|245|47|162|44
Antena14|168|75|11|133|242|203|149|236|37|17|202|107|79|0|207|225|106|116|68|219|86|48|148|94|196|193|78|224|27|148|38|142|236|110|231|76|79|192|152|21|92|166|51|45|124|13|114|131|149|188|11|131|136|232|40|212|210|184|170|184|238|212|232|92|76|202|225|7|101|122|45|163|104|72|94|33|76|16|24|194|241|208|241|11|238|164|157|88|44|186|163|69|232|200|85|12|22|108|178|93|201|147|108|197|146|141|178|181|134|245|227|176|67|249|48|226|187|238|229|137|246|242|36|189|96|84|59|154|141|217|72|192|179|216|123|25|194|196|163|157|239|45|89|153|185|179|147|73|126|112|71|5|99|73|207|216|173|218|171|212|169|234|103|245|202|148|189|235|223|87|201|216|150|169|192|20|150|244|249|99|87|44|183|14|50|173|159|53|84|190|145|84|224|102|227|93|113|197|153|247|235|29|20|203|31|195|149|93|212|166|211|50|168|141|219|199|153|129|130|138|6|45|212|217|48|133|86|109|149|188|75|107|244|244|66|27|118|211|43|93|26|92|180|94|102|226|220|68|82|231
Antena15|208|228|239|110|30|231|166|100|133|97|17|126|24|207|0|198|183|139|56|234|4|112|166|179|152|180|45|64|27|83|245|150|115|249|197|109|6|127|69|179|111|137|92|136|158|175|241|143|133|88|237|222|141|179|201|65|55|250|107|200|143|14|19|172|202|237|53|10|247|34|39|119|144|32|241|24|149|74|120|192|209|200|120|45|141|9|210|240|36|2|57|61|5|150|163|179|212|226|157|104|134|93|184|129|1|179|18|203|66|155|63|214|30|93|41|170|61|182|118|197|105|5|162|28|219|13|218|239|165|216|80|196|81|135|236|246|177|175|139|14|19|130|87|101|119|57|73|229|119|134|198|118|24|36|67|12|10|6|180|14|201|170|94|114|228|142|125|229|157|246|50|145|20|214|225|104|242|222|38|187|40|79|105|152|195|18|126|28|243|241|168|180|120|102|7|43|194|129|138|110|238|188|48|128|59|170|156|65|119|196|71|51|67|93|140|187|59|221|95|137|22|177|194|34|58|127|160|7|107|56|217|207|148|107|167|44|24|108|58|103|21|213|64|51|99|120|60|235|14|129
Antena16|42|23|221|225|193|177|121|4|186|163|249|239|148|225|198|0|210|131|208|118|225|45|45|27|237|186|128|52|206|239|45|234|228|138|207|69|187|207|29|241|245|238|47|135|77|158|149|91|129|29|200|41|186|14|230|155|56|36|188|214|36|131|68|58|245|101|222|107|121|158|167|178|83|36|215|127|93|173|95|235|209|13|1|194|155|58|31|11|143|160|249|189|58|225|98|126|75|133|109|5|31|219|81|247|60|113|21|54|16|180|70|239|184|215|3|15|214|113|117|202|49|52|201|185|52|3|17|48|125|239|221|130|190|139|78|71|203|18|61|15|36|3|28|188|97|128|196|98|84|71|147|141|18|21|54|29|101|231|173|134|183|234|249|91|147|16|91|136|177|242|98|112|114|49|202|36|218|55|156|181|33|211|165|159|205|28|207|248|113|87|134|154|96|19|1|107|123|162|106|176|66|137|180|190|55|143|167|13|217|136|1|78|145|245|210|88|146|118|226|32|111|223|208|100|16|155|4|200|95|102|43|3|34|216|146|53|80|215|44|111|27|184|163|92|20|137|128|81|223|94
Antena17|9|12|48|131|105|183|240|143|58|69|24|61|155|106|183|210|0|158|52|239|225|25|246|250|117|117|113|154|46|102|72|223|156|139|104|179|245|65|100|250|42|165|73|82|249|168|27|30|63|129|170|54|210|45|61|43|41|21|114|229|84|105|184|79|128|148|121|116|155|36|188|93|36|147|7|114|132|126|165|170|240|67|189|111|75|216|156|190|160|218|38|70|189|228|131|225|137|191|9|178|244|154|2|43|72|169|191|11|102|36|215|19|27|78|202|51|50|212|245|143|88|61|140|104|155|215|172|225|53|195|195|115|167|85|231|233|63|244|13|192|112|118|34|185|89|88|70|46|174|47|158|116|230|90|146|153|205|224|215|176|26|240|93|39|69|79|237|35|29|159|242|238|130|110|144|125|71|125|172|241|99|94|136|224|230|58|196|99|18|179|200|6|233|61|190|65|188|19|238|69|155|66|221|155|27|49|25|227|50|244|47|166|222|186|209|107|18|81|241|45|183|204|84|200|217|150|144|211|58|62|88|103|130|244|88|62|198|136|163|43|71|139|2|71|23|94|3|129|204|216
Antena18|134|153|164|38|218|231|47|139|71|48|132|193|98|116|139|131|158|0|116|200|27|180|20|138|198|92|105|61|224|77|65|141|42|11|85|196|109|207|177|68|211|117|18|247|151|45|124|104|123|93|172|149|186|246|209|59|126|129|33|237|186|159|237|97|2|40|41|59|67|165|177|179|227|147|210|195|68|6|177|184|140|236|199|149|83|109|10|3|19|57|234|85|109|42|213|226|241|161|50|15|223|223|13|33|196|6|212|216|106|90|198|3|84|134|119|87|94|29|225|35|168|73|211|193|102|100|187|153|127|178|42|191|191|48|227|29|71|133|226|124|221|175|176|60|33|194|108|103|63|6|27|136|48|80|236|22|62|180|136|238|167|41|211|123|139|16|88|121|169|11|244|125|108|50|2|72|236|50|70|229|165|131|220|123|91|128|58|230|108|57|21|52|156|48|149|215|152|146|123|43|103|11|1|20|235|174|102|215|164|71|23|68|37|190|136|139|217|201|177|86|205|205|232|52|42|132|45|234|140|148|139|102|195|127|124|240|171|61|100|87|168|2|35|65|63|96|70|188|38|43
Antena19|126|234|163|183|123|146|210|1|57|62|92|41|161|68|56|208|52|116|0|21|136|28|101|103|151|90|7|106|175|17|184|190|146|120|249|4|96|108|104|148|195|43|102|240|136|12|80|63|11|59|105|131|155|6|143|30|122|54|129|53|85|147|93|231|83|57|84|132|23|200|161|176|29|113|15|69|205|68|201|235|94|141|154|55|112|187|181|88|16|21|39|38|96|138|249|46|129|212|195|91|38|106|234|53|15|56|78|174|16|222|32|125|30|114|10|22|178|121|107|196|44|36|11|53|250|236|43|193|33|61|175|142|195|206|137|185|159|89|226|29|194|173|170|246|162|111|162|75|67|199|93|200|34|183|120|244|248|227|86|163|176|222|28|111|165|141|68|59|110|159|179|148|137|144|62|163|45|188|89|80|33|110|151|35|33|108|223|37|19|7|11|168|242|119|151|124|230|128|237|93|94|216|83|180|81|88|185|196|6|209|66|83|110|108|215|51|125|241|50|185|154|170|176|216|10|49|246|74|199|57|233|117|28|19|143|165|105|83|145|147|87|236|163|199|165|98|2|35|164|224
Antena20|84|141|49|16|209|224|212|120|29|237|126|140|60|219|234|118|239|200|21|0|236|9|241|169|111|37|218|26|95|19|172|46|172|214|207|197|229|50|229|31|57|204|21|215|234|197|11|122|156|9|157|120|137|122|181|128|118|151|124|73|127|12|195|40|137|203|138|22|231|145|174|51|75|8|3|208|250|170|246|245|108|26|154|58|172|182|181|172|142|179|217|238|8|195|54|26|126|186|39|9|114|165|78|240|77|230|135|126|218|72|77|212|108|205|69|58|48|21|197|157|233|105|67|148|79|22|26|115|142|5|185|7|60|175|137|111|13|53|82|172|12|193|249|141|218|140|192|29|173|12|69|146|42|137|164|170|92|55|196|239|157|237|77|241|72|218|37|131|238|52|186|44|35|84|93|38|131|249|236|152|11|67|213|113|193|128|213|48|177|99|140|26|35|132|15|17|158|224|77|120|170|209|55|70|112|27|112|21|23|161|69|77|66|79|195|159|195|245|141|123|133|216|193|107|126|69|108|48|124|162|233|36|173|107|183|60|153|97|125|161|78|106|135|174|240|54|111|94|132|119
Antena21|20|197|146|163|57|238|211|59|16|226|114|15|230|86|4|225|225|27|136|236|0|156|192|173|127|5|125|103|144|60|188|88|58|246|49|237|111|187|166|230|67|74|227|227|205|179|153|80|43|222|180|128|54|112|89|84|214|155|32|27|215|55|206|127|162|39|230|112|7|230|126|172|62|219|54|136|178|89|209|242|200|44|41|51|205|36|6|165|43|147|117|223|250|138|32|95|178|233|142|55|75|121|120|140|146|164|130|235|131|235|66|74|153|239|80|172|26|63|66|113|100|242|15|206|149|166|158|134|17|105|37|228|191|103|89|8|168|225|247|88|223|47|215|26|87|83|13|212|39|142|224|108|67|54|75|33|153|243|60|156|83|242|162|197|21|22|53|226|155|128|10|103|88|75|122|50|117|100|113|105|156|193|172|147|180|223|229|109|49|155|181|185|50|217|63|39|60|108|49|102|108|200|211|151|177|54|121|157|47|86|170|164|22|193|93|86|24|2|225|34|170|146|250|128|18|224|11|200|25|160|176|14|142|43|200|204|232|24|118|86|203|93|101|100|13|117|138|163|63|6
Antena22|64|247|110|15|101|84|204|143|208|12|91|164|94|48|112|45|25|180|28|9|156|0|50|11|29|144|135|207|178|147|54|85|107|106|44|124|99|4|25|31|76|90|37|248|134|36|103|178|237|141|195|180|161|194|248|131|63|123|78|209|196|15|97|79|84|67|56|85|22|34|120|211|82|108|170|76|108|148|165|204|74|192|240|132|94|221|237|250|220|175|97|103|164|13|80|190|227|194|250|198|210|249|119|101|167|200|174|234|51|29|186|38|24|200|243|194|165|162|174|33|160|222|205|24|230|157|155|192|136|119|24|227|2|43|227|139|218|123|70|69|236|45|143|207|38|193|94|152|22|99|114|37|190|160|245|17|100|183|19|111|193|138|22|30|194|106|5|23|146|84|110|35|213|171|140|62|211|229|71|43|34|9|10|111|196|200|106|182|14|138|9|4|59|46|135|96|54|24|210|131|213|163|197|139|216|241|62|27|33|13|142|146|77|82|27|35|54|153|97|84|31|192|200|130|54|152|83|134|32|153|245|7|248|200|225|128|33|99|54|80|44|196|213|41|144|55|48|171|244|59
Antena23|244|28|250|156|230|81|59|18|203|88|104|229|240|148|166|45|246|20|101|241|192|50|0|4|215|176|87|230|86|54|73|103|219|115|129|70|49|250|169|84|15|207|32|40|228|52|200|122|235|90|227|197|34|78|250|192|35|183|50|112|39|146|218|107|91|75|23|181|190|125|229|133|115|245|229|239|44|135|28|246|70|57|195|89|152|49|149|32|140|141|192|19|43|75|226|194|249|8|79|234|176|103|200|184|96|32|5|98|135|131|164|216|114|210|84|201|47|178|8|10|37|192|105|58|22|249|169|230|137|115|110|161|43|220|147|72|76|158|1|118|6|151|124|154|68|5|87|70|94|189|178|215|179|67|24|87|36|145|48|24|52|134|167|57|219|73|174|82|216|197|93|3|204|80|30|191|67|186|2|247|191|248|59|202|74|218|62|19|161|195|245|229|190|59|248|136|57|229|128|155|111|51|104|241|186|247|82|121|54|79|240|17|41|40|64|228|27|220|120|142|198|150|65|66|59|92|168|221|238|31|117|140|49|206|195|80|139|52|78|7|221|15|52|35|119|103|174|182|163|93
Antena24|244|210|233|16|6|221|100|97|15|214|221|41|83|94|179|27|250|138|103|169|173|11|4|0|29|107|74|198|186|217|106|182|163|176|70|1|158|75|66|164|159|165|134|199|238|78|68|43|37|183|186|169|125|176|123|228|112|188|80|106|36|245|243|211|118|148|246|1|243|84|90|66|213|136|177|249|68|66|175|195|18|126|184|185|122|11|44|76|37|65|198|230|133|24|216|92|194|130|135|78|38|138|189|94|108|235|141|155|192|154|186|247|59|150|240|94|192|172|67|82|32|94|130|124|226|164|249|186|116|133|138|121|80|73|134|122|214|65|22|76|63|54|198|71|32|16|167|162|74|124|124|136|3|138|146|64|88|214|72|96|218|183|202|22|168|48|185|85|79|21|69|19|42|89|140|54|150|107|96|58|137|220|226|91|119|14|154|179|64|164|249|221|222|243|221|104|198|12|107|246|82|15|181|94|82|235|22|186|50|242|183|196|184|60|184|176|106|108|24|163|74|78|9|156|112|54|150|155|195|117|58|151|222|51|198|2|149|54|119|184|193|155|80|239|154|204|152|139|148|183
Antena25|191|74|204|166|114|126|112|214|178|66|166|61|190|196|152|237|117|198|151|111|127|29|215|29|0|119|27|122|181|67|47|57|123|142|105|64|153|217|221|146|187|116|104|66|124|5|3|74|75|215|91|141|191|235|239|208|102|121|246|243|194|249|150|26|81|158|36|87|121|178|41|97|192|46|25|13|88|188|92|222|130|91|232|155|11|80|158|13|96|185|218|135|161|71|227|76|123|209|236|146|180|54|229|247|201|135|247|34|9|115|227|120|79|153|88|16|212|242|17|25|116|158|100|9|153|233|136|36|230|105|155|230|247|153|141|131|142|139|69|204|152|234|49|166|64|27|3|240|40|57|220|165|195|229|235|100|190|111|157|224|106|231|235|95|122|3|95|222|89|130|56|41|140|97|162|143|238|199|188|49|32|23|25|111|27|83|143|163|135|85|81|127|35|6|204|134|144|125|48|242|38|33|133|133|91|13|222|101|36|181|31|49|136|105|246|54|31|113|135|47|136|98|105|139|69|247|59|71|199|205|155|181|206|32|10|233|10|145|225|16|210|223|55|226|116|78|200|204|173|16
Antena26|93|42|231|55|118|227|83|139|108|197|41|108|234|193|180|186|117|92|90|37|5|144|176|107|119|0|108|203|145|71|85|93|185|173|231|12|115|16|153|208|8|189|133|116|72|246|148|134|167|84|243|95|116|134|99|110|97|243|84|235|93|124|242|45|189|58|106|200|226|23|135|184|235|190|108|55|69|15|13|97|179|204|148|3|1|229|208|98|7|169|56|180|64|217|53|6|168|21|132|130|121|115|108|99|76|63|126|51|202|240|124|72|19|44|16|27|166|108|175|85|220|185|145|132|121|188|111|88|87|67|56|146|35|233|240|219|152|83|123|174|205|33|242|123|187|218|196|124|104|4|153|112|112|199|8|214|154|95|99|66|84|131|78|66|192|138|89|99|112|1|199|110|185|79|19|169|51|225|89|192|137|63|43|218|201|126|229|248|177|247|216|158|246|21|113|25|118|12|46|200|77|188|31|156|1|38|90|164|78|126|11|27|147|112|144|195|83|161|19|179|169|40|223|214|79|153|160|123|241|29|92|71|28|190|156|45|216|241|72|112|178|59|49|201|132|126|26|63|135|208
Antena27|12|172|93|138|163|236|175|180|103|111|96|173|221|78|45|128|113|105|7|218|125|135|87|74|27|108|0|211|180|26|201|145|189|226|169|77|45|69|57|53|233|249|217|89|134|239|135|12|113|17|248|237|94|106|125|130|245|119|39|187|187|119|16|132|67|140|196|227|212|248|118|221|158|76|81|176|58|228|81|169|152|50|49|107|98|33|81|42|163|56|167|31|180|90|146|153|28|157|95|72|227|118|57|55|38|196|226|22|29|33|172|84|125|105|60|229|247|137|218|165|72|206|99|204|125|127|201|157|239|207|244|167|90|74|249|100|164|61|121|207|129|245|169|33|161|55|84|111|71|174|14|235|175|197|73|20|203|110|170|144|155|29|236|49|10|37|237|231|84|168|243|20|12|32|87|194|107|63|179|40|157|208|67|83|101|87|49|130|4|8|56|222|76|189|218|246|73|109|99|94|213|183|201|208|170|4|94|226|232|176|99|195|161|223|187|24|207|166|118|234|73|93|198|89|100|236|17|102|225|160|180|198|44|55|11|121|69|191|216|209|176|56|100|55|147|170|123|204|160|123
Antena28|108|123|144|4|146|150|71|91|168|102|160|180|225|224|64|52|154|61|106|26|103|207|230|198|122|203|211|0|32|183|66|119|241|172|105|61|147|66|190|160|238|19|69|158|198|75|223|66|66|126|99|20|12|137|91|136|228|114|41|129|243|163|77|74|151|178|145|68|139|113|222|158|191|151|211|144|70|222|21|183|228|119|166|157|219|69|135|179|249|199|244|219|232|125|54|249|11|168|158|28|136|200|233|13|60|115|77|206|129|197|246|243|177|26|93|222|179|107|176|11|180|58|32|129|93|166|244|54|236|26|40|136|75|12|51|213|179|175|173|204|172|144|64|220|75|110|118|107|20|103|138|230|219|79|130|54|62|174|145|27|161|76|90|150|130|69|196|207|140|161|64|74|240|119|127|49|195|24|3|74|160|42|45|239|1|48|121|114|112|228|123|208|7|116|67|64|57|194|195|101|102|187|222|222|56|48|60|26|228|217|58|163|82|215|240|208|9|141|60|150|218|90|130|86|45|71|216|228|96|237|175|62|37|222|230|180|78|114|161|111|7|78|229|119|2|163|69|223|182|188
Antena29|221|37|97|55|183|241|28|213|129|133|59|103|146|27|27|206|46|224|175|95|144|178|86|186|181|145|180|32|0|33|107|169|137|71|38|107|170|87|21|147|120|90|10|177|201|58|7|97|209|105|108|197|247|175|44|234|155|37|173|168|243|91|177|240|243|243|15|196|45|129|91|66|70|148|215|109|67|16|50|45|1|93|68|139|208|92|79|3|128|178|179|124|64|153|25|6|165|11|150|17|22|125|199|161|220|195|207|136|89|61|185|227|152|235|55|248|38|2|52|238|200|109|29|215|216|109|150|208|75|2|109|174|58|227|192|188|182|36|229|247|100|1|128|81|234|226|139|55|31|27|4|15|70|71|104|109|240|6|10|12|141|165|81|156|108|20|125|2|76|193|45|40|132|159|129|176|37|244|205|70|38|45|117|27|32|93|22|58|37|208|66|189|116|47|183|248|177|125|191|129|223|43|232|124|15|73|211|20|74|130|22|6|187|244|56|134|166|130|122|3|64|233|92|14|201|79|22|38|16|25|46|247|28|135|64|166|229|240|60|218|65|240|168|67|35|117|197|33|208|27
Antena30|36|93|246|38|127|237|88|69|180|17|209|190|211|148|83|239|102|77|17|19|60|147|54|217|67|71|26|183|33|0|205|100|32|125|196|228|236|162|46|124|193|180|236|228|213|239|162|148|227|7|92|109|36|144|179|186|127|87|230|130|235|204|162|137|148|163|190|63|182|46|90|166|146|19|89|8|78|142|216|132|95|172|77|50|34|71|230|88|113|227|183|1|31|74|14|188|32|187|39|220|205|72|14|6|94|71|5|189|232|227|208|176|18|248|232|103|126|137|104|62|147|105|166|63|152|132|19|4|147|219|113|85|172|5|89|26|73|182|103|221|169|56|61|107|45|21|27|50|190|154|20|28|194|29|69|36|160|91|105|39|124|239|83|99|166|91|59|243|167|85|51|99|145|14|206|230|141|239|62|131|191|191|100|140|183|239|211|187|241|34|216|237|207|108|14|155|16|122|55|70|91|153|236|112|2|9|227|65|11|137|47|6|246|72|188|82|147|134|128|232|82|173|215|107|173|80|228|18|210|104|81|29|115|246|223|123|42|58|139|93|192|114|120|21|194|26|164|182|146|49
Antena31|155|153|13|79|179|161|29|172|9|187|250|102|202|38|245|45|72|65|184|172|188|54|73|106|47|85|201|66|107|205|0|13|85|63|116|12|48|226|84|150|173|128|250|162|190|226|184|140|183|70|244|191|10|158|217|172|115|70|116|3|178|65|84|242|144|151|172|74|19|206|231|249|125|70|208|116|71|209|75|211|105|179|219|127|112|119|236|206|140|235|44|88|183|92|130|189|43|39|158|235|53|93|140|177|144|26|161|8|145|248|226|67|235|111|83|242|93|101|166|36|133|76|110|128|205|76|227|168|218|231|74|117|33|181|234|234|64|126|232|8|18|126|75|77|55|133|140|134|181|66|47|210|84|139|208|57|223|102|185|136|178|116|248|50|80|209|39|76|74|89|162|37|202|48|115|214|98|84|143|124|141|197|144|240|132|148|111|88|158|102|75|86|93|169|203|183|214|226|85|171|55|66|133|142|90|86|76|77|30|100|119|86|101|177|86|188|182|166|69|22|88|90|181|26|29|29|94|25|16|117|73|137|204|231|226|85|54|64|97|125|75|76|93|106|55|81|158|249|193|65
Antena32|91|103|155|221|108|45|24|140|197|182|179|223|234|142|150|234|223|141|190|46|88|85|103|182|57|93|145|119|169|100|13|0|95|7|150|119|129|14|43|187|91|39|175|234|136|173|95|161|122|157|220|167|13|37|97|151|62|200|22|128|90|147|147|57|154|8|152|158|211|26|48|11|18|93|101|111|3|121|73|237|133|156|71|232|33|113|57|2|87|42|88|233|218|177|48|152|104|3|204|39|13|205|132|217|45|95|188|172|171|203|48|12|38|95|65|50|76|21|178|51|115|164|186|208|130|119|219|79|70|7|212|168|99|205|212|201|230|4|69|239|57|32|72|213|245|96|218|101|55|93|196|28|104|200|158|131|201|162|213|202|70|42|189|156|238|104|187|14|53|60|111|19|159|237|159|74|45|16|250|64|88|176|99|99|4|22|104|139|216|66|51|99|12|100|102|124|194|175|152|230|48|191|189|170|134|235|142|172|177|44|53|27|183|46|48|179|208|176|39|41|12|222|247|67|32|149|17|86|239|195|148|68|137|69|14|189|228|79|80|68|89|147|29|183|218|190|127|80|51|3
Antena33|98|236|14|177|77|205|28|10|186|68|12|212|157|236|115|228|156|42|146|172|58|107|219|163|123|185|189|241|137|32|85|95|0|175|236|236|183|68|133|125|45|138|138|32|234|35|215|184|184|155|232|70|202|185|243|234|30|182|123|134|39|51|86|213|173|132|134|16|159|148|143|82|167|127|52|115|61|69|51|27|62|10|195|57|75|31|214|151|47|18|94|134|245|173|51|209|12|15|165|94|54|1|148|242|60|122|118|57|213|91|122|124|118|138|116|245|94|109|187|76|71|47|11|35|143|151|83|167|32|119|77|52|222|120|66|134|59|4|187|99|70|145|132|29|41|202|160|199|43|191|36|165|63|20|235|24|136|5|119|75|16|155|19|31|191|148|200|235|80|149|132|166|27|153|215|232|161|95|85|234|225|148|90|198|192|200|196|100|36|195|194|80|205|126|107|234|232|48|26|148|79|14|183|20|167|162|218|46|174|180|107|112|26|60|66|134|194|168|218|15|78|181|159|123|142|122|39|194|101|24|211|176|88|185|79|217|66|8|192|130|247|92|250|95|248|120|33|214|242|129
Antena34|108|202|43|216|144|206|219|13|26|186|209|208|17|110|249|138|139|11|120|214|246|106|115|176|142|173|226|172|71|125|63|7|175|0|143|177|38|184|148|115|79|216|57|96|122|127|124|6|89|55|131|105|58|120|55|27|212|148|122|91|155|117|135|185|142|13|188|67|62|196|106|93|126|166|191|9|246|210|56|18|51|51|57|195|101|151|218|234|5|157|170|97|162|163|213|181|51|244|170|182|234|209|45|106|214|244|117|202|238|227|39|71|157|98|215|221|120|240|101|130|169|138|109|184|51|162|112|58|32|171|2|220|232|116|239|73|31|219|9|46|96|41|24|188|101|197|196|121|151|225|140|144|81|142|203|34|144|37|151|49|164|71|142|5|76|12|23|129|99|21|85|156|176|131|99|196|61|94|111|1|141|8|226|165|60|192|37|240|141|173|97|50|72|234|135|237|145|45|224|236|50|203|220|84|236|244|181|197|141|247|207|185|122|85|200|13|121|147|47|99|228|191|26|50|37|34|143|236|109|86|81|75|173|248|7|160|194|120|123|13|132|243|95|22|28|220|7|11|72|175
Antena35|73|50|80|108|169|121|66|84|234|244|209|65|63|231|197|207|104|85|249|207|49|44|129|70|105|231|169|105|38|196|116|150|236|143|0|107|133|239|49|150|115|139|164|1|78|181|218|77|85|135|238|245|7|180|35|223|107|47|125|229|249|2|79|38|227|90|250|141|207|225|41|28|168|164|74|207|243|14|240|41|68|147|171|243|45|133|146|67|159|47|19|99|245|205|208|1|65|6|236|248|177|70|196|204|132|143|72|219|142|115|131|225|219|4|66|148|91|218|17|193|146|72|135|133|35|192|47|117|74|78|125|226|45|214|21|32|64|190|137|186|169|106|246|94|47|222|248|42|195|123|93|77|180|2|52|244|194|140|140|219|85|23|67|184|10|94|213|130|57|127|173|227|118|89|176|141|30|58|201|32|107|241|82|149|15|232|52|87|20|27|145|63|17|217|178|136|86|2|216|97|93|38|157|103|10|133|170|29|130|77|20|109|80|228|138|191|193|203|150|112|213|195|82|247|88|9|161|29|40|184|2|128|10|246|90|70|184|70|58|77|197|32|78|205|42|184|21|186|137|110
Antena36|212|90|245|39|40|63|112|150|34|203|217|40|31|76|109|69|179|196|4|197|237|124|70|1|64|12|77|61|107|228|12|119|236|177|107|0|144|160|239|234|101|183|43|34|42|221|41|68|222|135|56|155|165|17|190|75|127|171|13|195|122|213|132|72|242|7|10|119|200|113|117|161|220|160|66|103|24|92|39|241|87|8|135|84|218|247|9|239|92|122|42|238|136|41|99|61|90|27|215|112|78|185|64|58|56|150|192|13|36|114|21|44|105|153|26|214|246|111|45|31|114|146|142|189|16|130|197|84|62|160|106|185|15|237|36|70|111|13|110|222|225|186|54|67|233|190|245|129|241|34|29|100|250|79|202|160|108|160|62|35|164|195|200|214|79|66|197|219|75|89|186|40|31|186|246|6|192|59|98|116|70|89|63|44|244|155|147|151|213|205|39|90|32|188|143|134|9|172|67|94|79|107|150|205|226|51|248|63|83|31|140|71|208|91|24|91|228|199|16|150|113|24|211|212|140|47|238|154|96|5|206|172|171|131|90|222|80|131|17|65|133|18|150|76|36|238|171|213|89|149
Antena37|173|47|244|220|116|97|61|226|109|188|56|116|242|79|6|187|245|109|96|229|111|99|49|158|153|115|45|147|170|236|48|129|183|38|133|144|0|65|132|129|88|108|162|178|182|213|29|104|232|99|95|222|55|26|139|100|59|44|203|103|134|186|143|121|235|140|119|194|177|123|116|212|128|228|93|117|158|73|45|188|202|97|67|184|84|250|154|142|186|38|61|19|138|41|162|52|134|235|223|33|106|167|243|188|55|188|52|187|227|21|34|175|192|91|204|201|199|81|206|164|110|209|176|31|162|216|5|217|133|188|110|36|171|153|22|22|31|147|184|232|17|108|134|232|137|202|208|228|113|60|53|202|84|178|24|92|190|205|18|196|163|69|115|155|165|130|39|137|205|56|147|118|185|16|76|213|70|40|91|57|105|183|21|242|64|153|143|80|167|100|24|129|5|53|196|49|163|76|81|224|40|65|111|94|242|139|40|138|57|225|117|50|56|128|207|66|113|164|72|215|159|154|24|42|176|125|6|51|67|140|205|3|90|71|221|100|189|38|250|177|44|5|40|58|212|14|64|16|139|166
Antena38|68|21|58|7|43|103|46|170|79|174|98|79|247|192|127|207|65|207|108|50|187|4|250|75|217|16|69|66|87|162|226|14|68|184|239|160|65|0|87|5|115|159|49|80|61|189|183|243|30|168|120|145|207|200|189|199|212|238|41|203|193|28|147|157|52|230|107|119|123|48|94|5|134|112|228|96|142|137|239|105|240|88|83|127|177|194|129|202|172|33|21|248|76|72|26|27|189|71|183|144|245|100|175|45|176|179|197|230|107|175|234|65|183|39|85|213|30|32|137|95|175|178|100|103|54|21|135|178|33|81|105|153|27|154|204|241|135|238|202|173|105|89|135|98|168|126|174|242|100|236|243|177|62|43|42|9|105|80|72|81|196|183|135|23|150|164|101|80|53|184|150|122|17|83|32|213|109|110|149|221|195|152|2|190|199|79|92|216|201|134|118|238|218|118|144|229|6|10|208|131|136|233|26|186|86|124|182|39|62|193|186|156|188|181|55|60|32|243|33|135|109|28|236|104|171|160|130|214|66|205|118|49|122|101|157|158|157|217|11|145|23|42|224|156|181|97|111|45|15|64
Antena39|117|152|13|96|59|119|140|120|13|88|202|115|147|152|69|29|100|177|104|229|166|25|169|66|221|153|57|190|21|46|84|43|133|148|49|239|132|87|0|151|219|153|56|124|233|67|43|210|198|130|176|153|231|182|44|7|86|227|168|128|33|123|149|155|29|165|101|4|75|199|32|99|31|234|19|163|208|186|171|243|119|104|171|163|140|90|242|144|92|32|180|5|234|241|20|225|122|217|44|39|205|203|189|38|137|52|191|12|118|131|224|128|235|235|171|242|237|185|41|37|203|88|38|127|220|127|232|106|130|149|152|220|163|101|178|25|3|230|199|100|71|182|183|183|140|203|18|192|91|38|240|161|214|57|158|94|110|32|149|80|170|232|191|23|19|244|169|90|122|233|74|196|126|57|189|1|20|66|65|84|174|197|57|210|109|155|49|156|79|88|227|133|35|178|149|215|32|161|240|111|42|176|28|114|152|1|26|125|240|171|139|81|106|51|49|95|159|234|170|213|172|226|28|180|233|68|157|189|188|114|121|244|75|34|221|228|13|54|118|241|191|138|53|208|108|125|208|213|161|72
Antena40|45|50|149|133|121|131|175|80|216|211|10|105|154|21|179|241|250|68|148|31|230|31|84|164|146|208|53|160|147|124|150|187|125|115|150|234|129|5|151|0|13|51|90|102|65|169|207|78|77|163|218|75|39|78|131|142|58|2|185|236|206|178|177|181|140|196|156|40|250|135|249|96|1|164|143|183|140|153|125|228|3|91|71|161|91|68|208|24|29|132|239|166|26|248|113|58|161|53|48|128|43|228|192|60|81|180|184|170|41|221|215|63|174|232|188|108|47|144|196|147|159|229|192|31|140|142|216|66|160|107|39|151|64|192|156|43|138|66|170|83|100|121|123|72|98|246|93|142|210|139|119|81|206|183|93|185|227|245|19|219|35|218|169|126|235|226|120|158|158|91|213|183|247|234|92|58|137|204|160|121|4|97|128|40|100|142|228|170|89|247|180|144|158|143|108|143|56|108|115|30|49|233|166|216|170|88|90|219|22|61|3|162|25|245|242|126|137|230|86|49|144|66|229|169|10|193|40|210|76|237|101|46|208|86|174|95|237|188|17|2|198|212|168|142|180|69|139|144|220|67
Antena41|176|110|46|172|128|28|196|83|57|182|145|197|134|92|111|245|42|211|195|57|67|76|15|159|187|8|233|238|120|193|173|91|45|79|115|101|88|115|219|13|0|83|14|250|31|30|113|195|219|77|75|212|41|28|13|41|17|96|154|39|81|51|22|176|132|99|17|238|68|157|84|117|154|18|129|201|216|144|93|179|180|17|230|107|240|44|249|164|183|170|244|239|202|185|49|157|137|94|19|13|148|109|240|247|45|93|136|102|90|139|135|122|81|138|212|36|61|215|237|62|10|248|225|242|177|137|68|78|134|237|175|166|32|233|150|189|88|185|16|168|126|155|241|2|82|243|247|98|191|81|195|112|74|8|206|212|33|207|179|98|116|190|101|130|67|170|158|50|235|148|68|189|98|151|221|55|140|165|202|34|215|152|188|66|75|131|43|84|137|142|213|60|45|68|135|153|206|34|22|38|213|133|238|234|164|193|118|218|215|44|128|30|178|175|185|167|160|99|68|234|181|61|74|98|108|96|87|75|20|197|170|100|14|109|188|5|93|45|213|15|63|151|34|203|223|138|129|16|199|2
Antena42|78|54|26|182|147|108|45|44|230|102|25|152|132|166|137|238|165|117|43|204|74|90|207|165|116|189|249|19|90|180|128|39|138|216|139|183|108|159|153|51|83|0|225|236|9|219|122|46|70|215|200|122|133|242|227|185|235|119|103|2|68|136|13|72|16|162|57|17|173|69|63|137|235|103|27|133|166|69|103|172|191|153|125|232|179|51|93|194|239|197|37|81|191|238|81|152|131|247|51|14|244|123|96|112|154|206|88|208|235|25|19|112|44|99|88|237|172|27|42|173|245|67|188|132|137|223|138|67|125|180|59|185|218|197|61|205|166|109|38|195|200|226|54|119|15|188|104|228|30|203|134|200|249|33|81|183|108|212|250|96|41|81|14|16|199|162|138|39|14|111|237|16|70|38|110|71|152|9|68|243|23|191|144|224|52|154|46|71|162|81|218|181|128|94|237|11|152|198|135|112|198|11|3|179|224|67|129|80|203|219|70|33|69|19|206|133|169|83|113|66|81|188|166|80|210|168|12|39|62|220|60|13|229|235|204|4|225|21|250|88|240|20|65|135|180|87|155|140|126|146
Antena43|170|25|163|30|120|155|197|41|109|64|13|235|93|51|92|47|73|18|102|21|227|37|32|134|104|133|217|69|10|236|250|175|138|57|164|43|162|49|56|90|14|225|0|79|128|77|143|89|109|108|98|192|192|213|90|219|129|69|35|249|42|211|110|63|10|51|56|94|88|208|3|231|53|73|32|107|229|116|62|20|46|14|77|223|240|81|8|225|164|196|130|97|69|1|40|3|11|47|161|111|34|40|68|132|69|215|232|118|68|82|45|36|167|109|156|144|222|83|147|15|37|73|106|172|199|176|129|122|150|199|93|228|24|116|21|97|131|145|48|72|130|135|25|172|200|114|99|70|26|151|223|90|152|223|33|118|117|78|163|227|64|141|32|227|249|89|151|20|114|105|34|202|142|14|14|77|108|185|148|27|133|58|185|34|52|240|142|137|192|16|139|196|124|81|222|213|17|137|54|54|210|109|118|185|13|179|119|43|237|224|49|20|236|249|42|244|243|222|162|10|208|59|211|135|222|236|86|166|231|230|99|207|123|32|48|1|110|11|102|42|166|246|15|63|205|40|215|18|17|44
Antena44|93|176|145|123|104|133|226|89|81|166|182|13|206|45|136|135|82|247|240|215|227|248|40|199|66|116|89|158|177|228|162|234|32|96|1|34|178|80|124|102|250|236|79|0|201|164|192|141|108|216|2|198|40|77|49|229|30|163|155|135|24|158|15|235|11|107|246|149|143|29|207|122|212|175|39|55|76|17|244|104|33|198|2|59|97|86|163|138|91|58|35|153|37|87|87|133|159|97|97|243|192|3|210|128|25|197|231|118|4|137|24|22|99|173|95|218|109|232|6|148|175|127|57|20|9|117|87|183|136|57|92|197|2|217|188|3|75|115|180|226|32|26|194|65|68|236|109|86|39|245|153|230|224|61|109|91|72|7|97|19|220|90|103|23|135|75|61|118|107|129|107|124|78|152|68|135|71|64|220|109|91|242|155|215|133|224|87|59|168|3|7|248|156|225|217|205|67|174|163|153|173|10|192|232|81|155|120|139|26|75|72|101|112|216|63|202|158|211|111|226|34|138|226|202|191|247|173|42|201|61|139|197|168|115|216|233|196|212|238|250|17|162|31|172|38|7|215|170|135|229
