282
240
267
Antena1|0|293|17|220|248|296|8|106|237|252|143|83|18|267|251|168|39|128|185|23|216|72|182|196|216|146|135|234|90|156|186|69|234|123|226|193|23|299|3|121|69|100|156|275|188|123|161|282|231|224|241|34|300|167|257|81|115|212|123|19|17|255|155|37|274|42|77|197|291|192|77|58|50|227|86|98|179|222|213|229|126|141|74|268|92|62|137|234|155|85|90|91|246|178|168|223|115|3|279|23|170|164|125|41|135|230|208|299|82|200|254|124|269|140|267|248|256|33|86|251|237|206|70|216|278|300|179|276|199|251|85|287|226|51|213|19|2|225|275|34|26|180|48|78|56|233|249|72|235|224|257|229|176|133|235|217|169|267|268|79|122|166|17|101|295|246|13|60|152|223|127|149|46|24|282|55|147|84|245|73|185|206|99|180|94|41|100|219|107|50|158|238|268|217|230|285|107|137|187|60|4|108|218|210|196|103|36|217|46|29|179|131|185|234|218|100|145|239|151|260|256|260|135|208|227|175|179|142|248|229|245|246|43|277|188|208|87|213|289|34|157|9|168|165|38|204|192|145|96|124|87|158|49|285|28|113|292|38|216|99|292|293|225|9|201|104|174|295|98|268|289|168|25|297|26|19|290|188|204|167|88|81|61|177|85|16|275|262|179|46|204|225|296|179|31|75|228|242|232|227
Antena2|293|0|90|182|217|176|287|263|235|199|100|50|222|79|22|96|98|292|220|185|287|193|26|27|85|160|115|26|297|91|52|290|185|96|155|22|203|220|40|177|100|252|84|87|208|240|169|20|89|91|298|216|79|263|201|49|204|61|121|55|217|160|149|274|51|177|268|244|126|273|149|7|81|198|118|50|262|243|52|296|205|299|112|148|182|36|97|286|272|14|39|205|17|9|221|174|92|25|184|167|244|88|10|106|66|149|104|127|127|198|280|300|215|283|16|65|3|64|15|29|92|64|198|35|8|223|94|216|25|283|87|28|193|297|236|234|172|96|18|205|236|251|187|37|72|136|130|91|47|236|7|79|143|41|269|158|73|54|275|62|148|172|2|295|133|265|219|261|75|31|29|31|109|275|8|110|76|157|215|78|14|192|265|60|245|154|238|238|90|73|15|207|79|232|92|174|260|241|80|23|251|200|86|241|141|109|254|267|181|289|285|195|77|163|163|67|29|235|28|172|271|268|25|195|42|19|66|18|6|188|223|114|245|290|47|53|35|188|234|220|160|91|65|205|279|277|99|124|80|196|112|264|251|198|98|35|275|80|276|67|37|203|234|46|108|7|233|92|88|188|197|107|127|171|154|133|80|31|249|214|183|175|3|167|151|257|25|209|146|236|88|60|215|220|48|62|237|83|38|194
Antena3|17|90|0|273|42|4|267|282|134|293|248|44|216|60|209|245|114|202|12|228|235|291|253|215|153|288|80|231|86|117|242|256|294|240|207|155|283|230|12|257|279|189|238|156|95|121|115|192|83|272|14|278|290|17|30|85|216|158|85|101|15|87|240|161|22|259|126|19|9|73|251|233|181|12|216|183|133|9|80|131|22|73|123|59|264|243|152|180|164|283|219|169|151|220|29|55|247|185|249|224|242|183|36|81|298|98|282|165|148|102|3|300|220|22|88|83|248|185|202|62|200|128|104|295|40|252|28|282|132|251|43|45|126|90|87|231|208|287|98|217|118|223|212|98|119|185|247|67|102|293|27|268|96|97|41|202|277|2|258|117|291|168|162|252|299|90|241|125|193|205|238|261|55|216|265|48|127|31|56|34|139|127|143|175|147|274|189|70|180|291|66|37|8|231|61|207|12|84|70|209|124|244|237|34|88|41|176|138|80|30|227|267|22|28|18|225|272|211|282|275|159|296|185|150|70|238|171|183|36|134|150|179|287|53|130|193|161|238|220|208|86|141|60|77|285|87|2|228|185|221|137|82|161|97|66|26|28|300|87|290|275|282|78|31|295|152|181|237|187|158|132|37|102|182|36|37|289|127|227|278|122|294|137|285|149|26|258|221|174|240|29|192|172|245|252|145|275|250|1|192
Antena4|220|182|273|0|129|299|298|241|94|118|199|224|165|141|55|175|58|47|55|132|224|121|91|280|90|3|258|284|148|83|176|294|99|63|86|162|5|175|244|97|230|29|246|291|69|9|286|151|261|92|267|54|78|255|160|296|154|25|200|86|74|193|5|246|222|209|292|9|16|299|85|142|208|99|262|248|195|122|175|277|115|185|295|299|19|293|5|76|7|68|105|140|125|39|251|212|31|232|190|2|110|91|294|105|179|15|152|80|266|251|197|46|65|242|40|155|94|254|244|150|29|245|151|24|185|35|41|181|270|219|20|57|286|88|66|23|117|215|26|40|154|24|212|189|171|264|152|198|131|199|8|285|278|1|239|117|285|36|193|277|182|138|280|19|26|168|299|239|160|165|88|81|177|254|49|185|114|162|27|157|4|264|146|58|186|28|68|294|16|140|117|182|275|10|154|279|195|279|201|230|163|4|66|151|98|181|178|257|146|213|50|231|74|116|196|275|169|154|127|224|11|34|118|195|108|82|26|44|186|191|56|96|31|40|12|212|121|35|286|223|255|134|58|9|278|53|101|292|40|194|136|39|167|59|154|120|124|230|66|248|166|151|104|222|28|223|65|223|131|73|187|73|290|147|292|262|284|208|105|252|207|50|133|26|82|202|277|51|74|266|115|141|114|58|32|30|215|205|257|17
Antena5|248|217|42|129|0|51|68|218|157|26|114|217|161|145|225|277|221|11|112|84|107|37|17|74|140|165|129|269|177|26|280|72|296|107|203|129|249|217|293|202|226|184|213|166|288|117|163|276|202|22|12|249|238|87|20|230|124|18|244|88|40|124|54|278|82|276|110|191|83|25|265|240|124|73|239|37|125|254|52|30|89|88|69|121|40|238|21|60|49|38|32|52|246|226|40|299|108|55|103|57|296|191|85|272|141|163|97|257|277|107|224|103|274|229|240|299|280|154|229|1|177|2|134|270|131|54|209|211|155|221|40|153|83|177|73|58|34|193|138|95|124|23|176|131|222|204|266|33|135|176|204|128|5|150|117|156|124|10|106|90|98|5|62|135|136|241|58|180|43|300|283|207|166|54|204|210|218|216|25|183|171|2|258|54|223|278|295|263|26|224|62|256|293|81|199|40|135|59|72|137|180|156|273|125|49|222|219|172|110|195|35|222|61|62|238|250|168|172|74|294|21|9|272|246|134|224|134|77|68|201|153|32|293|188|294|236|279|192|244|8|291|152|79|260|137|90|105|260|68|38|101|48|241|169|165|225|176|63|188|83|49|276|18|268|289|134|46|187|157|292|188|70|235|44|152|136|236|222|34|47|264|184|251|227|182|208|81|191|118|23|112|195|19|289|50|26|106|174|252|210
Antena6|296|176|4|299|51|0|7|236|216|6|40|144|193|15|117|220|224|96|268|17|263|97|176|212|205|278|242|94|266|40|46|55|21|115|297|1|29|211|163|293|141|235|263|171|294|33|274|88|163|248|231|232|218|199|227|121|237|143|284|79|72|69|16|181|125|21|7|78|47|205|56|232|89|21|251|18|49|30|280|86|126|197|172|39|280|216|62|105|245|193|257|183|238|264|222|172|254|171|174|282|180|280|34|112|72|152|68|40|160|168|38|224|71|233|195|260|266|287|33|213|251|121|81|279|30|82|121|216|205|203|130|80|232|158|229|209|25|201|24|194|36|45|13|207|222|281|43|95|201|11|197|264|86|226|75|164|226|57|248|13|205|189|243|270|235|234|21|127|272|47|228|72|102|241|229|92|153|158|251|140|256|159|85|139|29|215|165|38|158|213|57|227|57|124|177|114|276|35|288|282|234|56|164|101|261|150|65|288|144|34|99|183|154|267|214|106|153|24|218|293|266|296|105|201|10|6|96|169|138|260|19|48|262|3|210|203|13|20|32|43|52|171|278|142|241|274|292|275|35|138|214|204|64|273|275|89|68|88|81|291|68|200|56|253|166|158|48|296|195|119|188|165|292|33|125|61|293|267|264|185|259|252|7|256|124|124|220|179|116|197|263|100|268|198|235|31|278|244|289|238
Antena7|8|287|267|298|68|7|0|299|129|138|54|267|150|195|220|247|247|232|219|13|127|140|89|125|217|63|209|265|228|176|183|227|28|159|58|206|41|150|120|248|104|180|86|83|8|137|8|98|233|164|170|142|195|53|6|165|140|239|150|166|138|213|18|205|184|238|31|83|159|132|203|7|149|157|14|285|229|267|45|193|176|197|142|185|59|18|196|232|276|256|98|83|83|78|242|73|168|225|113|183|58|44|286|18|228|102|138|294|207|242|48|93|87|211|231|136|172|95|296|188|155|54|295|75|284|219|151|158|41|183|102|89|247|26|227|261|298|21|261|272|80|184|151|14|202|243|90|208|143|187|65|151|32|47|21|175|87|137|170|23|43|215|186|294|216|292|281|268|134|96|274|72|191|168|118|281|143|245|49|89|177|293|146|252|224|141|9|197|145|206|296|173|300|39|299|197|173|87|27|99|105|167|289|168|204|186|225|58|39|61|298|186|100|282|258|260|275|11|90|95|266|172|218|297|150|213|131|54|236|85|186|51|184|187|204|135|163|277|111|8|223|89|128|54|166|300|230|218|11|254|138|222|274|184|272|286|265|175|281|129|109|214|285|28|38|106|19|67|78|237|287|64|48|298|147|239|240|89|282|18|72|4|114|121|10|299|208|268|185|257|1|36|131|125|60|185|81|121|235|210
Antena8|106|263|282|241|218|236|299|0|10|56|25|160|162|269|278|27|37|259|173|201|238|114|146|237|267|235|47|71|134|24|19|12|27|188|227|283|250|100|289|40|208|76|79|157|209|36|252|56|239|204|13|86|257|275|220|95|256|117|130|238|142|102|133|185|280|117|189|274|43|67|115|254|13|213|111|295|214|87|48|216|116|206|41|128|102|197|240|119|27|258|261|236|90|90|53|255|104|89|275|138|58|94|269|153|297|181|258|58|82|27|111|72|71|261|136|116|201|214|242|166|72|253|185|190|25|2|116|62|21|286|116|195|251|150|266|217|10|61|161|120|225|41|107|32|139|5|30|226|234|98|104|104|6|34|96|250|259|278|156|141|35|121|30|72|5|56|194|256|195|167|142|294|282|35|42|107|58|201|267|182|293|31|182|272|196|223|228|97|71|110|65|55|225|174|267|191|38|1|213|246|211|131|274|110|286|26|272|1|156|290|176|292|236|64|221|200|31|7|190|204|85|6|68|292|106|160|88|222|53|183|39|273|256|161|187|103|49|234|234|226|91|203|143|278|208|129|200|84|146|163|54|59|125|257|108|89|121|86|81|41|227|168|209|158|255|295|241|231|72|186|72|294|13|227|264|251|134|221|150|76|139|262|274|18|4|85|144|21|204|71|38|53|156|101|99|286|176|122|280|207
Antena9|237|235|134|94|157|216|129|10|0|106|229|170|125|26|224|235|67|178|176|139|91|94|232|179|291|52|186|78|138|158|70|58|259|220|288|250|141|249|198|187|272|116|197|36|11|122|129|37|137|132|54|97|50|99|94|214|35|162|90|167|300|287|115|124|175|205|259|175|123|271|86|141|277|4|141|45|188|5|257|232|54|39|275|184|209|121|154|130|281|84|21|170|218|135|234|36|90|248|208|245|186|298|118|252|258|65|194|4|79|82|118|134|293|136|12|280|297|166|218|20|6|38|114|170|217|83|100|29|26|66|12|211|180|5|167|268|237|174|188|57|69|145|203|200|253|83|96|58|141|265|248|119|65|216|206|125|11|54|272|96|159|43|124|271|81|246|278|32|176|241|22|249|216|100|3|144|99|139|261|246|182|256|116|216|114|42|104|96|298|292|246|85|206|22|1|39|203|141|46|135|74|271|278|171|104|83|263|89|279|295|277|203|254|247|122|200|173|3|70|130|125|191|139|76|86|41|271|56|202|205|180|13|211|33|291|240|7|191|215|208|295|86|204|272|23|159|126|22|118|209|261|12|286|60|243|107|257|106|169|294|186|166|114|167|263|46|58|226|29|137|136|187|281|110|224|176|32|41|77|76|191|276|91|257|181|75|211|105|29|111|155|32|63|249|59|228|20|44|241|213
Antena10|252|199|293|118|26|6|138|56|106|0|88|72|22|106|86|66|121|283|274|178|58|221|150|133|185|67|239|171|55|221|281|136|117|219|296|273|288|124|89|178|159|66|219|69|65|216|74|38|14|21|238|247|255|186|187|166|161|175|12|131|166|219|216|102|250|100|19|97|148|114|234|55|38|285|209|166|290|293|174|195|3|69|17|221|73|51|189|37|92|99|62|114|42|21|244|17|239|274|243|255|236|247|146|253|23|79|273|276|44|289|101|150|15|5|216|51|115|283|16|107|51|251|78|17|228|156|154|269|251|144|153|216|138|116|95|41|209|133|296|158|44|52|230|284|9|14|119|274|222|26|106|164|24|282|280|58|24|138|291|84|273|183|110|153|144|73|262|103|87|69|167|186|75|262|21|133|226|255|95|197|280|51|69|264|29|34|154|240|109|139|224|53|224|41|45|137|154|131|158|282|245|265|214|252|138|216|95|248|71|213|120|194|249|156|212|270|108|221|188|264|237|254|10|249|206|288|119|175|115|98|221|133|148|159|86|256|108|224|178|168|64|54|109|253|78|223|14|252|124|108|272|177|87|82|101|72|12|85|294|234|276|63|189|284|109|150|242|240|279|291|259|262|132|148|160|51|125|132|226|200|30|297|268|33|209|74|205|178|16|176|93|51|173|166|26|77|283|215|133|107
Antena11|143|100|248|199|114|40|54|25|229|88|0|149|65|119|165|41|43|105|255|19|206|176|150|244|99|233|199|225|209|293|217|97|100|125|78|120|216|97|204|215|108|242|93|172|43|186|172|48|4|67|291|256|36|22|49|27|283|86|48|236|172|185|202|199|26|233|275|125|11|100|22|57|288|270|293|107|169|213|212|87|248|198|7|50|61|151|180|73|267|71|205|281|261|125|246|155|29|193|157|168|134|112|169|43|68|239|164|215|151|216|296|148|263|188|193|205|26|160|238|202|102|58|76|47|66|48|272|237|48|4|85|277|245|140|138|90|285|75|188|44|198|228|74|33|199|38|221|275|43|60|211|10|45|292|167|220|69|280|124|141|85|68|18|19|222|211|28|276|18|7|117|92|270|192|107|48|262|277|123|54|66|26|284|291|154|163|54|69|108|194|168|62|259|108|166|267|63|14|255|66|197|108|159|87|81|288|109|95|117|8|173|171|108|146|205|230|258|140|97|168|30|64|79|103|243|180|67|156|69|99|223|78|292|213|181|150|46|250|266|230|87|270|56|140|114|177|97|297|63|280|281|38|86|149|16|157|205|192|63|10|195|270|261|228|168|94|15|19|74|209|116|44|273|230|219|85|294|143|151|2|236|11|248|135|10|173|139|187|133|48|174|71|290|96|48|104|268|113|145|163
Antena12|83|50|44|224|217|144|267|160|170|72|149|0|186|6|159|59|134|3|118|147|124|38|118|271|114|255|222|101|207|164|242|108|158|34|82|80|127|54|239|284|300|129|131|117|183|61|234|280|98|160|277|104|156|14|30|103|70|237|205|186|58|214|148|212|139|1|150|132|268|155|135|85|74|249|245|224|159|211|72|235|295|2|167|179|132|272|136|132|35|251|243|22|88|151|73|130|265|47|183|259|270|155|75|275|187|216|281|118|300|188|134|163|64|188|260|248|231|265|275|242|159|146|267|244|130|44|151|126|107|141|63|32|147|247|248|272|5|275|291|127|175|144|191|44|96|169|158|41|138|37|83|177|280|107|300|213|191|116|274|181|237|27|128|208|24|214|163|30|187|163|44|100|120|212|215|47|147|156|17|224|107|300|234|116|102|3|297|107|237|160|278|296|238|54|243|134|93|114|245|284|210|127|292|232|208|132|247|9|5|147|149|182|281|203|242|300|52|161|72|174|241|82|193|92|50|25|176|184|260|181|21|160|26|192|270|141|152|245|291|108|269|68|18|229|239|158|175|31|34|50|231|200|17|272|71|210|281|261|283|278|137|97|127|53|5|80|114|199|221|212|189|244|5|189|178|260|112|82|279|194|285|98|63|45|50|222|53|166|286|269|170|161|254|70|11|268|287|249|96|75
Antena13|18|222|216|165|161|193|150|162|125|22|65|186|0|66|266|265|182|26|201|71|62|97|271|210|108|61|226|270|94|271|195|209|278|137|118|142|63|20|19|289|31|110|231|156|31|216|289|142|170|186|24|229|31|15|266|231|143|296|268|168|189|232|268|197|219|194|168|185|248|89|115|211|45|269|215|109|138|29|25|194|295|6|1|195|14|111|128|106|12|42|263|260|241|230|215|198|151|125|252|102|247|144|37|88|31|54|215|169|290|264|242|222|175|174|134|111|292|69|166|246|66|246|248|208|8|224|224|16|190|197|131|168|262|155|132|276|178|197|223|2|220|157|38|101|177|274|126|85|251|41|225|50|235|23|91|153|61|1|76|179|156|252|21|53|294|223|288|166|37|80|158|245|57|184|142|55|89|143|223|117|98|263|251|51|126|270|51|290|153|89|137|114|105|177|268|270|24|225|33|188|212|249|259|237|77|237|31|263|133|280|236|151|161|116|162|99|98|213|196|66|162|84|111|62|180|292|56|189|144|235|113|110|75|44|58|65|167|249|209|119|273|143|197|249|254|180|147|199|122|241|257|66|109|167|222|141|27|146|39|219|288|58|98|20|73|167|39|23|64|174|214|126|80|133|166|202|174|97|259|7|15|111|151|145|218|198|188|8|188|197|47|235|146|186|177|199|33|203|88|109
Antena14|267|79|60|141|145|15|195|269|26|106|119|6|66|0|22|241|137|112|200|110|293|245|246|64|132|237|210|121|293|132|37|138|149|132|132|252|197|39|24|273|182|272|228|81|258|153|147|289|135|278|225|287|140|42|237|137|269|249|107|22|55|272|26|120|229|153|258|51|186|214|21|115|63|257|185|108|52|79|272|149|23|101|287|127|149|220|236|213|39|206|275|158|259|107|123|290|53|152|180|300|260|137|280|127|148|237|254|98|47|6|147|84|90|1|96|241|228|223|246|14|231|134|128|113|201|204|112|95|119|52|116|164|17|282|120|300|179|259|172|90|142|191|124|74|155|227|222|13|155|238|4|137|65|213|274|142|76|213|173|41|294|239|180|19|116|14|193|210|215|88|73|181|30|89|257|182|131|140|296|218|134|32|100|90|1|185|136|278|184|157|6|255|248|128|49|12|21|300|33|44|250|271|178|122|109|76|4|103|218|58|217|300|150|3|218|115|72|200|2|255|161|277|109|61|53|7|30|140|141|207|217|12|20|24|282|161|216|40|250|3|151|89|80|263|257|74|139|76|90|234|54|64|185|43|115|74|132|232|93|250|257|86|247|30|145|40|147|260|43|12|111|267|259|244|5|127|184|28|158|43|75|31|49|91|55|270|128|120|129|133|70|234|65|53|200|63|249|92|247|296
Antena15|251|22|209|55|225|117|220|278|224|86|165|159|266|22|0|14|183|218|72|287|254|173|260|273|296|126|92|180|292|37|178|16|155|283|264|190|154|100|67|142|176|225|1|61|147|28|64|78|144|28|12|187|141|10|35|206|252|274|207|123|294|209|126|263|38|7|294|226|170|9|177|51|145|206|112|122|213|89|41|54|99|40|55|57|137|71|181|209|78|248|165|198|182|117|170|101|197|289|27|281|123|261|200|280|68|215|27|32|244|109|140|182|224|3|18|129|21|274|94|11|143|163|293|267|256|163|213|160|35|207|162|57|229|245|83|116|278|185|228|239|42|52|292|97|25|169|126|232|24|96|167|299|256|280|139|19|229|139|232|6|129|168|288|148|38|249|139|232|142|149|210|254|223|237|279|87|176|184|259|86|78|105|186|280|288|51|15|289|134|221|165|186|202|72|266|151|220|255|151|147|233|65|127|251|15|35|251|150|153|110|265|279|268|131|94|168|277|113|204|272|232|100|160|77|151|148|178|73|95|230|196|168|285|248|282|287|263|295|221|175|204|149|172|186|169|110|131|265|283|179|171|152|153|60|199|238|172|202|172|138|44|175|180|51|58|57|188|50|32|234|146|273|169|107|128|193|249|149|152|186|211|109|162|129|190|14|299|237|257|28|85|181|77|271|190|244|25|74|194|123
Antena16|168|96|245|175|277|220|247|27|235|66|41|59|265|241|14|0|44|255|180|294|293|113|16|51|95|21|36|186|202|222|5|241|146|266|141|66|225|114|4|174|84|176|96|207|6|77|26|264|89|189|96|24|76|190|130|100|152|42|101|229|260|237|158|140|13|198|8|137|113|63|143|192|201|110|185|55|207|262|140|83|208|28|106|119|221|37|148|89|32|128|175|198|198|7|43|208|278|131|101|197|23|200|204|248|96|268|284|87|106|53|92|95|78|81|24|133|64|297|33|172|295|136|274|138|27|158|160|136|178|293|57|254|160|101|5|135|266|250|89|275|276|63|70|139|59|246|267|77|101|172|263|267|31|295|286|164|253|104|230|121|137|102|53|124|20|114|150|61|93|36|188|267|102|24|30|188|107|2|295|119|244|235|114|182|244|248|236|275|231|188|218|152|142|94|21|69|286|166|64|237|153|103|240|132|268|117|7|198|139|289|263|58|82|86|72|126|39|48|272|9|238|150|32|37|62|296|160|298|264|53|190|170|295|180|199|72|160|252|213|95|52|295|157|28|39|92|214|223|51|120|131|267|30|156|246|284|243|77|202|48|176|158|132|16|260|184|190|240|65|258|285|75|295|230|158|114|192|244|254|247|11|177|109|262|210|115|240|109|54|295|244|181|234|269|284|26|133|123|211|186
Antena17|39|98|114|58|221|224|247|37|67|121|43|134|182|137|183|44|0|251|18|111|36|102|102|113|201|10|193|102|90|212|233|78|142|195|239|202|260|276|218|101|223|115|63|4|231|145|62|18|91|192|81|47|202|242|280|287|161|284|67|287|74|97|142|284|10|151|24|46|258|198|41|170|261|198|122|187|222|2|281|16|119|73|282|193|100|143|270|290|90|99|167|281|244|169|25|241|293|93|198|51|100|74|68|285|217|172|162|149|13|240|246|25|264|190|44|55|13|21|143|214|265|97|299|230|277|2|155|154|170|270|13|70|213|93|250|4|158|75|179|281|82|56|147|27|81|136|293|89|265|292|133|93|38|197|2|129|12|140|263|285|144|283|230|262|7|131|296|181|33|292|143|270|265|70|94|233|147|156|249|90|41|64|128|273|211|187|93|84|245|186|153|3|103|279|280|170|46|133|19|188|259|113|253|235|177|282|59|116|64|213|164|297|30|104|174|40|54|289|126|33|271|171|3|194|185|76|206|20|265|58|259|154|40|217|159|276|299|224|164|175|18|58|79|3|255|20|179|139|139|116|153|63|156|83|41|274|219|287|202|85|68|84|81|136|270|112|34|150|253|25|243|264|144|14|19|237|225|234|131|206|47|183|77|174|16|269|167|17|184|244|83|272|82|198|122|179|53|224|155|128
Antena18|128|292|202|47|11|96|232|259|178|283|105|3|26|112|218|255|251|0|116|112|300|26|72|228|41|87|209|52|222|89|62|227|292|283|31|260|167|124|212|29|71|140|222|25|220|108|134|258|67|57|199|158|215|124|69|157|132|150|177|79|62|11|118|195|231|139|177|125|88|294|78|179|64|286|268|17|133|187|157|214|299|101|125|165|61|279|141|182|48|181|32|300|225|47|280|93|191|10|262|179|159|262|34|130|265|35|300|151|71|177|298|130|263|258|176|216|58|208|197|189|110|52|278|200|117|88|205|267|285|242|280|238|245|231|255|185|233|146|90|193|134|167|284|75|122|38|276|82|104|268|65|212|110|103|41|67|182|162|220|62|9|266|220|71|44|43|61|294|34|216|268|274|226|119|105|168|47|183|36|137|230|259|77|273|111|294|235|31|152|140|80|182|113|210|42|128|285|159|200|48|257|9|105|98|152|161|80|130|221|188|278|79|275|113|233|100|111|256|131|225|143|47|84|249|11|102|134|280|6|179|142|200|75|87|10|80|116|27|127|32|278|174|9|230|97|159|121|60|240|289|82|56|293|104|213|238|245|95|188|10|268|223|192|283|273|210|175|165|253|257|65|42|152|143|52|54|142|287|200|89|213|130|77|170|60|63|274|189|200|206|107|41|269|65|161|210|54|269|209|177
Antena19|185|220|12|55|112|268|219|173|176|274|255|118|201|200|72|180|18|116|0|270|196|251|200|123|86|84|18|210|160|144|162|269|45|300|201|160|106|299|244|34|166|63|217|219|298|3|157|183|268|235|236|288|11|20|262|272|52|172|247|77|124|109|119|64|65|270|217|56|208|259|131|236|97|243|201|21|289|46|84|193|222|90|30|128|111|247|134|85|259|87|14|172|256|65|246|298|57|201|7|150|64|197|61|38|238|208|280|179|287|183|63|10|40|243|88|77|75|273|103|24|236|261|256|81|74|176|75|254|253|211|260|297|201|49|5|200|141|280|35|181|76|113|187|220|63|297|160|45|37|179|244|148|251|113|1|39|132|130|168|114|218|97|158|175|265|69|297|64|222|84|55|228|2|52|249|277|161|212|101|97|189|55|135|227|242|149|68|25|108|235|276|105|216|250|144|25|102|179|203|129|156|154|149|77|155|262|283|115|4|280|79|270|192|2|286|279|249|6|182|142|182|136|48|57|264|51|226|116|106|96|256|86|119|161|82|126|215|94|288|293|62|279|283|132|214|77|127|85|275|131|166|199|241|246|143|195|185|283|277|238|162|185|38|69|251|240|182|183|116|274|241|8|193|255|79|200|283|178|287|285|216|286|112|215|229|59|98|175|179|43|122|6|50|251|273|171|98|287|132|19
Antena20|23|185|228|132|84|17|13|201|139|178|19|147|71|110|287|294|111|112|270|0|79|152|201|91|172|189|33|4|284|137|278|287|133|166|27|62|60|226|153|150|81|56|25|82|34|191|77|162|101|43|264|198|34|136|167|234|35|258|288|186|33|214|88|98|274|188|37|25|295|218|89|186|272|203|179|278|269|243|161|275|71|122|124|20|273|135|156|267|63|299|176|32|252|3|164|195|161|224|148|16|66|196|232|202|259|134|100|296|136|195|110|279|67|132|150|261|85|167|273|284|120|90|135|269|68|44|75|265|235|87|255|59|198|135|122|147|196|216|192|174|150|39|199|27|217|10|186|90|29|125|68|275|258|32|3|18|243|91|139|244|266|237|205|3|135|271|26|144|32|114|34|138|125|274|205|53|265|138|206|250|101|185|73|161|162|261|102|28|245|191|223|175|50|37|224|87|198|176|53|83|134|263|274|275|133|250|117|122|217|75|107|238|29|207|59|268|66|162|216|192|81|162|27|32|276|78|27|222|31|139|76|219|141|17|135|45|288|103|91|142|161|256|188|21|269|223|22|6|133|258|159|140|66|137|38|266|166|225|132|161|159|23|78|123|119|25|7|41|176|40|129|270|174|279|252|291|158|255|154|285|177|217|216|195|180|257|137|70|83|220|126|20|102|111|187|175|5|106|145|63
Antena21|216|287|235|224|107|263|127|238|91|58|206|124|62|293|254|293|36|300|196|79|0|213|231|123|40|92|28|154|161|15|259|193|138|1|79|5|21|94|221|67|80|135|263|138|235|136|164|90|72|217|288|166|293|29|73|145|211|258|244|300|185|47|232|41|193|261|290|96|143|259|269|50|227|198|139|52|179|66|236|233|155|128|282|63|177|39|227|210|68|284|28|27|154|216|296|53|266|116|67|104|283|274|31|278|248|161|33|273|107|108|217|236|26|237|85|97|40|83|20|117|270|171|198|246|63|95|1|219|22|204|84|30|125|80|35|33|87|281|216|4|79|154|97|60|269|47|30|21|214|298|286|58|243|78|109|152|33|207|66|3|118|194|171|276|182|116|70|73|173|173|265|193|193|5|256|49|235|8|273|47|43|197|189|218|12|295|253|113|39|18|234|174|272|114|183|3|5|150|230|63|51|129|136|217|171|77|122|217|182|143|13|194|37|180|206|45|270|150|122|235|213|257|213|248|155|136|270|142|127|217|181|266|173|118|6|14|134|20|162|239|277|52|149|144|202|223|126|221|67|276|84|122|277|229|34|62|76|14|270|73|82|161|74|208|211|107|250|256|253|90|129|37|78|26|137|293|136|85|18|137|179|257|126|274|71|63|258|53|166|24|205|141|98|45|171|260|289|166|61|24
Antena22|72|193|291|121|37|97|140|114|94|221|176|38|97|245|173|113|102|26|251|152|213|0|89|263|295|40|55|206|261|297|195|227|230|138|142|91|146|75|218|240|202|287|63|262|257|42|5|181|163|40|165|146|115|165|14|234|77|219|117|256|14|38|252|231|130|257|282|76|198|287|68|192|161|185|72|278|131|62|133|244|199|183|8|252|276|28|136|110|20|100|288|187|102|130|18|268|140|79|281|59|162|240|283|251|279|96|156|151|88|164|128|114|121|244|152|96|9|216|79|231|221|90|289|188|184|136|9|293|67|182|215|85|48|113|265|93|7|202|203|82|283|164|268|81|144|296|164|19|9|66|35|261|2|300|51|272|300|11|216|2|182|9|11|169|87|148|192|224|17|120|278|94|123|134|267|115|238|116|189|61|144|52|245|51|69|63|159|159|100|227|53|142|122|80|264|256|179|23|138|56|189|208|128|214|145|258|78|250|240|68|25|223|266|213|194|177|249|55|80|295|198|111|182|137|48|38|212|212|32|289|299|165|41|29|291|136|230|27|226|119|179|236|35|256|55|97|261|100|111|151|173|121|112|168|216|10|121|99|227|24|291|250|166|175|170|62|221|48|230|194|41|177|42|171|256|227|266|295|162|214|170|49|29|106|156|190|135|90|123|94|115|215|52|239|186|81|191|225|113|256
Antena23|182|26|253|91|17|176|89|146|232|150|150|118|271|246|260|16|102|72|200|201|231|89|0|241|201|222|162|247|89|172|52|179|65|121|148|78|300|214|39|70|168|277|170|110|30|287|18|90|184|268|20|259|266|219|226|248|102|126|143|268|245|261|90|151|234|272|285|159|136|86|229|217|72|84|78|11|204|206|77|132|90|201|108|285|130|243|165|32|198|21|290|42|260|271|52|182|139|115|220|84|199|287|191|29|121|38|6|182|240|231|73|15|98|161|161|252|97|36|73|205|83|143|151|124|244|183|68|7|282|260|204|90|165|51|72|176|123|238|51|134|160|99|34|217|65|65|277|103|297|222|193|245|20|287|267|6|221|98|88|48|202|45|183|253|293|12|72|166|292|16|270|275|87|149|1|67|63|272|233|51|114|195|202|225|43|148|63|103|295|68|219|288|146|117|112|226|243|113|153|195|281|112|217|5|245|208|193|134|138|50|104|135|214|201|294|35|284|8|52|110|83|135|227|170|20|52|280|46|21|291|212|12|245|267|274|20|101|115|100|121|199|116|289|127|298|171|26|186|191|247|215|179|19|24|216|272|134|295|41|288|75|162|123|50|82|172|170|260|200|160|272|85|82|121|116|121|43|226|158|198|221|221|2|192|70|71|70|72|53|173|76|74|75|284|203|137|57|100|191|169
Antena24|196|27|215|280|74|212|125|237|179|133|244|271|210|64|273|51|113|228|123|91|123|263|241|0|217|82|150|4|134|117|263|191|41|147|107|175|257|274|191|129|246|264|237|240|15|156|154|144|28|171|79|242|57|281|218|241|245|72|14|230|36|183|168|152|286|65|65|59|63|8|149|46|220|36|165|82|64|239|128|42|223|138|12|238|2|24|9|297|3|7|20|255|218|278|144|43|177|18|295|297|244|217|21|216|205|267|220|272|182|20|80|259|236|105|248|115|155|210|181|35|71|216|169|118|261|228|139|131|255|250|286|190|216|118|219|115|198|269|13|208|8|7|30|108|262|199|238|213|198|81|217|40|218|27|293|88|219|297|214|227|60|102|124|270|240|281|106|38|286|48|87|172|178|212|149|197|174|91|82|89|189|164|191|150|66|10|131|186|179|129|99|274|131|65|258|241|75|26|123|119|226|106|206|214|93|46|155|263|126|57|46|100|281|202|246|286|263|296|213|150|111|77|116|53|169|153|180|240|105|21|300|149|83|98|173|221|139|270|213|81|145|110|75|59|24|240|100|296|28|36|153|228|213|74|82|12|156|120|42|183|55|111|21|92|52|117|144|40|64|160|238|235|200|224|146|192|159|45|210|15|162|14|45|267|150|288|19|20|72|110|155|292|187|268|130|159|125|277|187|69
Antena25|216|85|153|90|140|205|217|267|291|185|99|114|108|132|296|95|201|41|86|172|40|295|201|217|0|222|25|250|92|253|282|281|167|148|81|175|164|154|223|169|57|204|147|274|94|75|89|142|165|29|32|140|133|161|194|117|75|67|164|2|234|88|221|253|157|149|250|281|84|74|12|207|161|198|145|272|78|215|173|31|279|112|5|286|75|145|222|179|48|76|268|267|253|120|126|119|228|98|179|70|86|264|75|103|184|53|40|163|47|96|168|75|164|135|74|186|291|212|245|5|168|218|197|231|89|90|173|189|61|267|209|294|52|212|50|61|160|224|28|257|279|197|87|191|45|156|144|193|180|59|55|122|210|89|24|103|1|94|139|279|87|244|112|92|159|272|87|189|198|39|262|96|19|22|154|273|286|270|151|240|29|180|20|54|30|1|140|219|213|12|221|52|163|283|7|215|264|39|6|141|252|140|239|122|36|10|99|141|75|175|280|37|39|118|249|206|46|185|39|39|265|134|72|229|184|240|49|255|1|127|57|228|37|38|175|2|132|252|137|78|138|31|20|110|150|87|196|291|257|173|270|120|254|82|103|38|219|33|186|218|253|258|167|247|21|24|118|224|50|9|146|44|100|243|219|105|275|184|246|69|34|9|234|44|223|125|19|194|176|215|239|193|169|263|225|253|73|212|72|266
Antena26|146|160|288|3|165|278|63|235|52|67|233|255|61|237|126|21|10|87|84|189|92|40|222|82|222|0|219|293|72|186|36|210|141|261|110|209|168|189|130|220|252|285|232|179|77|207|33|74|263|31|281|25|249|27|281|123|37|138|197|189|153|101|12|103|243|190|265|236|20|230|167|67|165|101|9|192|46|1|124|199|46|281|245|153|96|283|90|118|175|222|42|208|57|147|233|210|287|84|52|178|199|33|83|10|288|197|276|155|102|34|1|152|179|5|156|283|48|135|135|1|27|111|130|175|194|99|95|129|264|258|32|3|252|128|231|187|112|34|76|214|236|223|300|153|75|107|164|195|188|148|126|107|252|136|273|21|245|131|249|29|238|10|28|162|143|76|296|174|68|185|140|80|64|114|177|138|173|206|5|83|45|138|65|254|161|38|126|243|27|225|116|238|149|153|79|177|18|108|75|182|296|232|162|238|295|109|192|140|79|294|200|69|82|205|169|253|65|234|189|269|124|282|147|258|30|45|187|73|69|218|189|127|8|268|14|10|42|163|128|147|26|294|82|129|151|108|198|220|31|231|298|23|67|127|83|206|292|228|3|230|44|293|19|30|25|38|23|51|143|104|231|220|103|143|268|96|199|78|161|103|232|34|87|198|90|123|15|184|66|86|98|14|102|60|73|216|124|79|230|96
Antena27|135|115|80|258|129|242|209|47|186|239|199|222|226|210|92|36|193|209|18|33|28|55|162|150|25|219|0|190|272|164|300|284|247|26|42|159|210|19|120|151|44|187|285|130|66|136|7|42|253|35|235|19|181|215|257|234|31|35|199|37|78|179|31|34|211|202|193|151|44|223|181|280|238|161|233|279|82|173|98|161|12|268|268|27|240|61|246|15|1|103|71|269|64|162|251|59|286|125|167|83|143|278|294|271|281|79|118|249|151|150|24|25|289|183|114|12|138|286|94|193|114|105|38|261|136|21|42|116|147|54|75|86|268|150|155|250|48|157|21|165|295|41|186|184|154|81|55|280|46|239|175|30|171|293|299|293|18|58|240|204|74|13|131|19|112|68|162|233|178|181|63|168|110|168|56|201|227|43|34|117|67|11|279|7|42|150|275|289|60|153|295|65|230|159|162|75|286|161|262|114|101|30|215|123|242|30|7|228|93|269|206|230|220|278|176|96|39|17|98|35|285|125|183|269|169|162|196|181|244|86|162|253|13|63|131|180|11|42|137|210|264|233|5|106|240|21|29|133|9|218|36|278|278|210|216|262|224|196|176|245|130|77|203|269|161|31|92|219|274|101|114|253|63|271|245|136|140|121|106|296|175|254|122|277|168|87|296|280|32|169|151|232|69|28|181|91|153|107|31|27
Antena28|234|26|231|284|269|94|265|71|78|171|225|101|270|121|180|186|102|52|210|4|154|206|247|4|250|293|190|0|177|260|280|227|197|265|52|41|283|284|142|121|191|61|94|95|6|28|112|254|237|42|65|2|148|79|197|35|130|7|289|287|39|230|118|260|230|204|102|245|169|283|58|167|102|102|270|52|66|209|69|166|222|9|191|2|121|66|97|111|27|237|242|155|184|167|276|194|263|143|169|291|204|154|168|125|215|102|204|227|76|299|289|222|251|129|53|34|257|17|175|191|187|143|37|187|266|103|58|26|222|173|183|80|185|186|144|12|200|15|14|210|293|260|260|74|8|110|19|214|300|133|56|299|48|179|267|169|80|43|149|268|89|156|97|168|179|297|74|177|291|180|283|281|5|27|177|163|51|154|153|79|11|283|7|151|163|176|230|12|279|252|50|175|57|294|279|42|127|137|166|130|11|208|119|170|39|149|85|106|71|24|274|6|97|189|134|96|260|286|213|218|127|228|279|132|175|65|50|55|50|179|24|223|127|110|195|206|53|64|284|210|21|80|255|261|286|236|287|257|233|132|201|153|150|67|41|208|24|286|175|183|68|289|203|101|14|228|88|233|208|278|179|269|233|295|202|79|229|172|36|71|172|212|178|31|135|234|55|155|48|249|266|245|230|242|55|145|240|19|278|143
Antena29|90|297|86|148|177|266|228|134|138|55|209|207|94|293|292|202|90|222|160|284|161|261|89|134|92|72|272|177|0|262|35|156|263|9|202|284|26|79|237|257|110|37|244|227|53|204|115|189|269|227|236|114|193|29|108|110|189|297|42|4|232|123|6|223|237|156|164|117|279|147|178|90|64|168|30|220|213|102|6|196|225|7|97|150|189|172|88|28|123|27|280|289|156|260|155|11|217|71|234|246|291|218|220|20|50|32|91|232|11|6|56|207|236|33|80|62|86|200|30|79|282|209|294|289|147|51|34|53|278|64|112|61|80|239|66|84|84|15|22|5|130|228|187|36|299|94|228|174|200|205|109|24|132|107|137|176|26|101|159|280|164|173|270|183|97|180|140|214|67|233|29|2|193|76|161|2|222|96|282|135|17|250|206|166|293|54|114|20|17|288|137|286|286|44|120|210|205|64|172|108|8|18|150|217|90|131|237|123|201|66|174|273|167|153|164|208|41|53|98|122|162|206|33|146|284|13|104|206|1|237|296|231|98|136|57|8|134|162|261|95|186|217|36|71|9|73|298|197|33|98|124|105|104|273|186|173|44|236|134|185|3|6|63|234|205|203|290|255|208|189|254|194|210|18|216|271|35|159|164|27|152|21|121|98|34|269|185|267|76|94|192|57|157|51|193|217|30|96|252|4
Antena30|156|91|117|83|26|40|176|24|158|221|293|164|271|132|37|222|212|89|144|137|15|297|172|117|253|186|164|260|262|0|284|209|113|224|14|33|64|248|178|36|299|283|119|6|10|33|24|127|154|63|27|88|136|277|83|257|118|252|253|255|73|263|288|55|298|69|23|128|252|53|143|46|42|295|77|38|127|39|114|173|250|176|55|282|132|44|209|31|249|56|46|24|280|269|53|166|28|28|17|180|256|187|286|170|222|1|4|3|99|60|43|133|188|282|226|76|219|263|229|230|255|67|221|148|297|265|276|77|134|65|50|53|269|72|151|42|71|229|258|187|161|240|201|123|3|10|286|298|156|177|282|20|239|74|136|232|172|281|191|175|274|184|278|202|213|65|275|250|220|266|293|56|130|199|219|284|10|168|279|74|142|130|95|134|180|249|52|187|13|89|159|84|2|70|48|85|5|152|93|266|239|242|176|48|81|253|240|210|94|140|89|289|107|84|231|48|64|248|289|122|193|70|43|252|134|258|5|290|82|67|276|147|32|197|294|236|226|284|211|121|261|191|109|80|10|135|165|124|243|137|133|149|258|81|196|297|16|92|89|184|28|77|180|208|78|109|152|10|121|46|94|27|168|58|9|193|277|36|62|99|34|222|122|75|87|24|152|103|275|61|85|81|31|234|156|56|170|5|210|130
Antena31|186|52|242|176|280|46|183|19|70|281|217|242|195|37|178|5|233|62|162|278|259|195|52|263|282|36|300|280|35|284|0|9|220|222|71|184|295|287|32|221|272|90|233|92|240|76|1|98|274|267|212|243|112|23|262|140|291|5|156|53|145|213|96|2|250|173|131|126|130|226|189|92|244|22|178|129|36|283|194|252|272|122|30|214|27|258|185|25|187|117|59|139|39|32|135|215|137|65|296|147|272|183|57|282|140|295|174|186|100|281|124|93|205|133|89|32|155|174|217|245|105|259|257|173|182|51|159|138|293|145|132|214|141|272|16|32|211|281|154|133|62|22|68|170|280|216|254|77|229|236|70|189|242|223|69|155|232|2|137|57|222|43|14|153|71|58|100|257|114|299|226|43|278|176|283|171|186|73|106|84|168|90|48|289|189|268|243|21|147|234|165|250|234|164|218|176|229|153|271|138|12|145|97|166|219|130|270|153|215|263|42|126|188|33|165|268|246|48|298|70|158|67|80|107|182|197|25|19|173|158|202|118|86|41|165|178|213|31|92|118|203|170|266|255|238|293|29|109|189|296|142|105|44|99|230|19|288|38|116|151|274|174|128|2|270|233|51|145|135|226|18|296|204|67|166|191|248|262|10|281|66|42|72|264|76|126|61|148|279|28|224|41|184|50|33|75|131|236|12|128
Antena32|69|290|256|294|72|55|227|12|58|136|97|108|209|138|16|241|78|227|269|287|193|227|179|191|281|210|284|227|156|209|9|0|66|151|267|39|37|87|278|299|54|259|236|169|190|173|222|156|271|182|284|64|78|64|72|173|87|80|217|56|291|142|245|282|172|122|36|300|237|22|215|98|37|79|148|298|105|123|151|110|139|93|270|228|293|173|284|148|35|55|91|36|289|14|230|197|279|100|162|85|117|167|118|80|216|70|110|300|132|160|181|70|299|280|147|120|234|61|188|59|2|160|288|207|238|47|226|92|80|61|74|46|89|216|114|207|10|295|41|76|269|238|201|152|109|73|77|94|8|116|198|122|229|132|82|280|234|112|293|171|50|102|70|75|125|229|217|277|264|233|187|202|240|271|251|249|273|283|95|296|34|83|280|212|71|161|171|211|212|102|79|45|39|54|289|31|114|112|45|71|164|276|190|108|151|207|53|130|119|24|154|199|93|270|19|150|23|156|18|135|161|109|88|51|114|192|165|11|287|185|46|187|72|60|199|88|256|127|260|264|145|261|238|62|129|19|278|66|246|227|113|131|61|66|253|268|197|181|185|230|25|193|112|298|187|107|289|95|32|242|104|211|274|174|280|294|210|297|150|183|89|83|97|189|62|266|203|228|145|112|165|265|66|103|196|27|59|175|80|169
Antena33|234|185|294|99|296|21|28|27|259|117|100|158|278|149|155|146|142|292|45|133|138|230|65|41|167|141|247|197|263|113|220|66|0|229|31|262|182|188|99|240|101|213|73|299|244|224|18|72|205|64|58|192|26|207|213|163|167|109|187|61|232|36|88|229|256|135|46|300|35|65|230|284|50|76|260|161|158|299|5|188|200|188|141|261|249|191|112|142|194|135|148|189|17|188|15|41|73|35|172|153|144|93|207|276|144|221|131|169|183|213|31|295|193|198|44|71|299|193|253|109|196|282|156|245|189|242|259|182|31|223|73|55|193|56|235|147|35|242|27|236|206|233|115|50|103|249|138|107|190|240|248|26|226|232|248|40|132|75|11|284|27|124|70|11|187|210|143|262|222|56|202|18|210|155|190|19|185|293|266|297|86|213|117|179|48|218|36|222|8|62|51|274|154|191|24|248|73|127|159|138|118|161|161|277|75|231|140|33|194|136|6|192|290|28|97|110|256|13|169|48|12|135|132|123|127|40|130|272|10|278|14|288|150|185|200|288|108|123|105|172|206|160|49|139|82|261|115|258|281|92|232|292|109|13|297|215|32|221|143|242|100|156|37|135|209|155|162|289|124|7|247|121|245|154|262|257|123|137|64|26|46|138|91|172|250|46|147|147|1|45|113|75|269|96|260|52|294|242|217|102
Antena34|123|96|240|63|107|115|159|188|220|219|125|34|137|132|283|266|195|283|300|166|1|138|121|147|148|261|26|265|9|224|222|151|229|0|177|293|33|290|283|22|223|283|83|17|153|259|65|182|89|161|138|175|72|242|298|286|110|259|211|163|158|10|141|183|91|190|116|250|210|48|213|248|98|14|273|82|232|239|293|124|198|54|39|159|195|252|185|272|114|271|24|232|137|140|286|238|77|2|250|299|207|77|175|222|34|39|131|268|91|147|214|249|250|7|47|199|240|270|220|237|148|6|172|12|288|92|127|211|3|123|193|126|140|241|38|34|8|175|282|123|281|190|158|264|207|279|41|106|268|42|36|267|187|11|281|34|10|122|170|34|35|262|284|168|20|250|168|80|81|197|38|166|140|31|96|85|171|53|275|206|62|180|223|115|141|35|6|277|163|120|189|223|134|41|285|264|107|1|26|20|80|294|287|21|275|102|7|282|288|220|188|282|122|51|287|23|148|119|30|167|33|70|132|222|216|90|124|160|247|138|11|235|279|176|294|75|269|114|23|92|44|234|124|196|210|51|93|170|81|106|155|243|2|116|5|251|31|67|283|298|168|39|187|183|207|232|122|115|109|88|72|296|18|115|37|167|245|158|262|154|104|264|65|42|9|293|263|146|264|220|55|293|295|13|180|268|253|168|216|156
Antena35|226|155|207|86|203|297|58|227|288|296|78|82|118|132|264|141|239|31|201|27|79|142|148|107|81|110|42|52|202|14|71|267|31|177|0|224|250|153|158|177|176|252|242|146|184|211|174|263|14|106|8|288|297|172|252|85|159|291|91|145|208|184|175|141|140|24|188|107|167|280|250|88|24|239|252|74|167|5|27|183|50|6|36|173|263|193|210|1|212|238|253|188|221|23|264|239|79|254|189|263|265|77|65|229|141|70|44|134|145|274|202|181|298|112|6|204|50|8|164|22|18|106|176|37|112|101|168|205|43|179|238|263|91|130|226|112|31|288|44|16|151|5|299|74|199|221|258|170|208|52|164|73|97|292|23|140|232|187|161|90|124|204|21|251|268|44|39|280|231|260|86|191|147|198|148|125|40|269|126|258|289|10|292|54|162|187|98|256|47|55|77|124|173|292|292|289|75|146|223|23|109|282|60|91|266|92|299|13|1|270|253|101|170|72|20|77|177|125|80|185|163|98|208|282|266|34|67|119|266|236|115|205|224|44|286|210|63|292|61|202|31|147|226|27|258|210|128|239|75|193|243|190|117|219|229|140|14|282|230|86|31|9|61|288|245|292|260|129|264|197|85|165|284|143|278|10|226|119|87|118|135|200|300|76|165|117|80|285|58|262|45|200|274|270|147|170|85|30|52|75
Antena36|193|22|155|162|129|1|206|283|250|273|120|80|142|252|190|66|202|260|160|62|5|91|78|175|175|209|159|41|284|33|184|39|262|293|224|0|16|132|269|9|284|277|146|161|284|228|221|116|78|66|251|66|165|51|24|215|13|94|116|186|176|93|251|31|78|132|292|154|137|135|140|282|148|227|256|201|22|34|12|300|198|265|287|25|66|143|272|272|256|140|111|103|136|101|18|86|269|53|97|43|63|143|216|48|127|233|58|201|264|259|105|39|205|39|186|265|91|214|159|42|56|219|206|13|83|60|31|259|129|13|120|23|220|6|182|193|152|297|141|230|241|275|225|237|243|18|208|63|201|91|81|21|227|21|62|175|215|111|178|49|107|291|283|21|216|89|200|44|251|285|157|243|171|232|160|152|244|101|202|56|276|273|63|182|13|122|299|7|61|289|57|123|50|87|195|209|62|13|223|142|265|288|4|145|296|154|78|130|184|171|227|72|60|200|52|109|34|62|154|211|128|259|170|126|167|102|235|177|140|245|210|217|9|121|233|11|102|163|140|211|192|50|236|281|18|149|159|218|112|36|7|174|14|165|142|46|199|205|235|221|145|245|124|276|119|138|201|143|236|286|275|127|288|149|67|222|194|261|258|96|265|44|227|160|286|91|28|211|266|261|22|246|34|101|44|36|50|58|44|249
